[
    [
        [
            -0.5238932119246023,
            -0.851458528157197,
            -0.02354309511733449,
            -0.04107945086296715
        ],
        [
            0.6519785845326759,
            -0.4186356992475444,
            0.6321930691064941,
            0.05920624364241373
        ],
        [
            -0.5481421602194934,
            0.3158520637005552,
            0.7744531270813023,
            0.7677464061584675
        ],
        [
            0.0,
            0.0,
            0.0,
            1.0
        ]
    ],
    [
        [
            -0.5242129363658634,
            -0.8512807347193925,
            -0.02284530678915747,
            -0.04104013807337202
        ],
        [
            0.6515798133467801,
            -0.41822259975161,
            0.6328772423590375,
            0.05918296499678772
        ],
        [
            -0.5483106274600689,
            0.3168768968426322,
            0.7739150393045282,
            0.7675659002407742
        ],
        [
            0.0,
            0.0,
            0.0,
            1.0
        ]
    ],
    [
        [
            -0.5241141259936035,
            -0.8513283772004682,
            -0.023331890347306095,
            -0.04108259642463959
        ],
        [
            0.6517343470828888,
            -0.41856977776318427,
            0.6324884836704294,
            0.059216778992010465
        ],
        [
            -0.5482214185585983,
            0.3162899544982355,
            0.7742182773075705,
            0.7677843034089814
        ],
        [
            0.0,
            0.0,
            0.0,
            1.0
        ]
    ],
    [
        [
            -0.5240824556627652,
            -0.8513434678879135,
            -0.023492112528818554,
            -0.04102342330349654
        ],
        [
            0.6512680353762546,
            -0.4183866777019125,
            0.6330896729679846,
            0.05918404109811356
        ],
        [
            -0.5488055445817209,
            0.3164915284903168,
            0.7737219052283731,
            0.7674198838335167
        ],
        [
            0.0,
            0.0,
            0.0,
            1.0
        ]
    ],
    [
        [
            -0.5239914276550433,
            -0.8514095287453493,
            -0.0231257022736992,
            -0.04107897816738205
        ],
        [
            0.6519657552767141,
            -0.4184213942387798,
            0.6323481563108566,
            0.059197273964709765
        ],
        [
            -0.548063534355729,
            0.31626784725118345,
            0.7743390801868447,
            0.7676204925096152
        ],
        [
            0.0,
            0.0,
            0.0,
            1.0
        ]
    ],
    [
        [
            -0.5239548925795063,
            -0.8514296193323831,
            -0.023213656875024025,
            -0.041078441256839
        ],
        [
            0.6519640688504462,
            -0.41844740828558136,
            0.6323326809734341,
            0.059200507731784674
        ],
        [
            -0.5481004684088209,
            0.31617933174480806,
            0.7743490858181714,
            0.7676297203626814
        ],
        [
            0.0,
            0.0,
            0.0,
            1.0
        ]
    ],
    [
        [
            -0.5239541436769268,
            -0.8514472308566133,
            -0.0225758364271077,
            -0.04106679741344632
        ],
        [
            0.652597096130704,
            -0.4183386307784167,
            0.6317513910710545,
            0.059202948085989665
        ],
        [
            -0.5473473170168565,
            0.31627583383028923,
            0.7748422494220382,
            0.7678415070687282
        ],
        [
            0.0,
            0.0,
            0.0,
            1.0
        ]
    ],
    [
        [
            -0.5243728368839109,
            -0.8511760090234137,
            -0.023076602897577403,
            -0.04109621344859314
        ],
        [
            0.651956320665428,
            -0.41877987191429544,
            0.6321205382075825,
            0.05922189871306009
        ],
        [
            -0.547709853738927,
            0.316421902753933,
            0.7745263685471682,
            0.7677613698807657
        ],
        [
            0.0,
            0.0,
            0.0,
            1.0
        ]
    ],
    [
        [
            -0.5240780806545,
            -0.8513690207216652,
            -0.022648530480545714,
            -0.04106009376452767
        ],
        [
            0.6520646607645505,
            -0.41821504612319704,
            0.6323826795368321,
            0.05917003411401226
        ],
        [
            -0.5478629788181595,
            0.3166495945862002,
            0.7743249903553985,
            0.7675532448713024
        ],
        [
            0.0,
            0.0,
            0.0,
            1.0
        ]
    ],
    [
        [
            -0.523889743114176,
            -0.8514542138036031,
            -0.023775173098236735,
            -0.041096956395646325
        ],
        [
            0.6518518712428426,
            -0.41873139273766014,
            0.6322603567306622,
            0.05921377898118645
        ],
        [
            -0.5482961563032952,
            0.31573682479569576,
            0.7743911043206557,
            0.7678204818644402
        ],
        [
            0.0,
            0.0,
            0.0,
            1.0
        ]
    ],
    [
        [
            -0.523802005070833,
            -0.8515134888312665,
            -0.023584694659467054,
            -0.04107662945509964
        ],
        [
            0.6518634025138026,
            -0.41850456931700664,
            0.6323986321331786,
            0.0591961810255204
        ],
        [
            -0.5483662680607768,
            0.31587767220744156,
            0.7742840126555012,
            0.7677617269074029
        ],
        [
            0.0,
            0.0,
            0.0,
            1.0
        ]
    ],
    [
        [
            -0.5240673873065449,
            -0.8513670253360607,
            -0.02296871202568218,
            -0.04107367691861578
        ],
        [
            0.6517666579227094,
            -0.4182695378791439,
            0.6326537894477744,
            0.059164474417369065
        ],
        [
            -0.5482276873543994,
            0.3165829778317123,
            0.7740940646751222,
            0.767369654826082
        ],
        [
            0.0,
            0.0,
            0.0,
            1.0
        ]
    ],
    [
        [
            -0.523810822076556,
            -0.8515228341534913,
            -0.023045294328530197,
            -0.04108950913232121
        ],
        [
            0.651782593419908,
            -0.41806651392577376,
            0.6327715550250105,
            0.05919475290912817
        ],
        [
            -0.5484538937689308,
            0.31643206672073687,
            0.7739955255429721,
            0.7674941804996689
        ],
        [
            0.0,
            0.0,
            0.0,
            1.0
        ]
    ],
    [
        [
            -0.5240291004098849,
            -0.8513911893066471,
            -0.022946561716735425,
            -0.04107225722052507
        ],
        [
            0.6519201603950503,
            -0.41830154403172104,
            0.6324744443304966,
            0.05918713829387952
        ],
        [
            -0.5480817515609318,
            0.3164756878998629,
            0.7742412625107304,
            0.7675989831862318
        ],
        [
            0.0,
            0.0,
            0.0,
            1.0
        ]
    ],
    [
        [
            -0.523808941560076,
            -0.8515041300994344,
            -0.023767817849315698,
            -0.04108923021517391
        ],
        [
            0.651755336475152,
            -0.4185856159960084,
            0.6324563727700143,
            0.059203892925219104
        ],
        [
            -0.5484880801967114,
            0.3157955010839252,
            0.7742312492900802,
            0.7677175781867627
        ],
        [
            0.0,
            0.0,
            0.0,
            1.0
        ]
    ],
    [
        [
            -0.5238524704752785,
            -0.8514894702470012,
            -0.023329621416330715,
            -0.041065657369598836
        ],
        [
            0.6519247765598569,
            -0.41840342515083995,
            0.6324022924764163,
            0.05918207659105735
        ],
        [
            -0.5482450865117978,
            0.31607634501893267,
            0.7742887505544324,
            0.7676498718779279
        ],
        [
            0.0,
            0.0,
            0.0,
            1.0
        ]
    ],
    [
        [
            -0.524141023120549,
            -0.8513177540458379,
            -0.023114271100208028,
            -0.04108607057333129
        ],
        [
            0.6517769719378452,
            -0.41846091803399554,
            0.6325165918216521,
            0.05921575048427382
        ],
        [
            -0.5481450234506167,
            0.31646254395187956,
            0.7742018416032266,
            0.7677241585544335
        ],
        [
            0.0,
            0.0,
            0.0,
            1.0
        ]
    ],
    [
        [
            -0.5241142857670138,
            -0.8513351860451979,
            -0.02307848470592111,
            -0.041071815890903834
        ],
        [
            0.6517254622068729,
            -0.41837653191293156,
            0.6326254811938464,
            0.05920207898064718
        ],
        [
            -0.548231828122165,
            0.31652721612192547,
            0.774113934823507,
            0.7676785844174039
        ],
        [
            0.0,
            0.0,
            0.0,
            1.0
        ]
    ],
    [
        [
            -0.5241359219497304,
            -0.8513113704309474,
            -0.023462435868608522,
            -0.041105363747907846
        ],
        [
            0.6521992692353928,
            -0.4189577596987504,
            0.6317519361244757,
            0.05922530649209547
        ],
        [
            -0.5476473760831195,
            0.31582169995614046,
            0.7748154653245428,
            0.7678230296522992
        ],
        [
            0.0,
            0.0,
            0.0,
            1.0
        ]
    ],
    [
        [
            -0.5238413070346439,
            -0.8514980869300274,
            -0.023265704346505545,
            -0.041075164743949316
        ],
        [
            0.6518944976857864,
            -0.41832678385519695,
            0.6324842020132702,
            0.059193631021558724
        ],
        [
            -0.5482917553011641,
            0.3161545664131241,
            0.7742237668819639,
            0.7676410249024292
        ],
        [
            0.0,
            0.0,
            0.0,
            1.0
        ]
    ],
    [
        [
            -0.523942407855424,
            -0.8514330436784915,
            -0.023369325686492082,
            -0.04109403700056407
        ],
        [
            0.6518379848003123,
            -0.41847721415077044,
            0.6324429324516788,
            0.059213624422036266
        ],
        [
            -0.5482623412401486,
            0.3161306586982525,
            0.7742543585985681,
            0.7676897252795766
        ],
        [
            0.0,
            0.0,
            0.0,
            1.0
        ]
    ],
    [
        [
            -0.5234499034266502,
            -0.8517053606848298,
            -0.024457661036055955,
            -0.04113112926245917
        ],
        [
            0.6529189606778899,
            -0.4193895550205169,
            0.6307211998395146,
            0.05923536906877687
        ],
        [
            -0.5474459145796364,
            0.314182080520861,
            0.7756240009757619,
            0.7680035282823227
        ],
        [
            0.0,
            0.0,
            0.0,
            1.0
        ]
    ],
    [
        [
            -0.524046303083469,
            -0.8513706191174509,
            -0.023313968519249162,
            -0.04106171713231489
        ],
        [
            0.6513328126186148,
            -0.41825366373502404,
            0.6331109223339566,
            0.059189891957089756
        ],
        [
            -0.5487631906668602,
            0.3165942856019311,
            0.773709906162077,
            0.7674510778251104
        ],
        [
            0.0,
            0.0,
            0.0,
            1.0
        ]
    ],
    [
        [
            -0.5241775440934244,
            -0.8512873577244329,
            -0.023403778471431436,
            -0.04109960576281204
        ],
        [
            0.652243859777204,
            -0.41898365377297564,
            0.6316887249698085,
            0.059220856264415
        ],
        [
            -0.5475544261999179,
            0.3158520736826037,
            0.7748687746317293,
            0.7678735383846336
        ],
        [
            0.0,
            0.0,
            0.0,
            1.0
        ]
    ],
    [
        [
            -0.5239191805546533,
            -0.8514477850116143,
            -0.0233529793764507,
            -0.04107950491306697
        ],
        [
            0.6519699217082467,
            -0.4185167808509622,
            0.6322807330085985,
            0.05920340590173035
        ],
        [
            -0.5481276433776021,
            0.31603856338264147,
            0.7743873146044894,
            0.7676946207551201
        ],
        [
            0.0,
            0.0,
            0.0,
            1.0
        ]
    ],
    [
        [
            -0.5240512398869592,
            -0.8513560613776067,
            -0.023730881326847086,
            -0.04111318715529365
        ],
        [
            0.6521693042005864,
            -0.4190507928366636,
            0.6317211660863409,
            0.0592249860078091
        ],
        [
            -0.5477640884828643,
            0.3155777079873863,
            0.7748323777372528,
            0.7677759562527633
        ],
        [
            0.0,
            0.0,
            0.0,
            1.0
        ]
    ],
    [
        [
            -0.5241102503954591,
            -0.8513218504273293,
            -0.023654860291219826,
            -0.04109718206241036
        ],
        [
            0.6521917295173586,
            -0.41906924991514494,
            0.6316857697658818,
            0.059231278645687946
        ],
        [
            -0.5476809229647914,
            0.31564548271842247,
            0.7748635595121816,
            0.7679126752304041
        ],
        [
            0.0,
            0.0,
            0.0,
            1.0
        ]
    ],
    [
        [
            -0.523583059852994,
            -0.8516488231938124,
            -0.023559740821369635,
            -0.041080735055881897
        ],
        [
            0.6516574976927005,
            -0.41813793928676524,
            0.6328531973766941,
            0.05921005681886205
        ],
        [
            -0.5488199022774809,
            0.315998331770298,
            0.7739132827278034,
            0.7674605541136313
        ],
        [
            0.0,
            0.0,
            0.0,
            1.0
        ]
    ],
    [
        [
            -0.5240021413838627,
            -0.8514065220553221,
            -0.022993260464462928,
            -0.04110123822030058
        ],
        [
            0.6527073473983437,
            -0.41876234945917656,
            0.6313566451124502,
            0.059239742281423084
        ],
        [
            -0.5471698771655328,
            0.31582436397005664,
            0.7751516604159246,
            0.76796852660786
        ],
        [
            0.0,
            0.0,
            0.0,
            1.0
        ]
    ],
    [
        [
            -0.5240165181327159,
            -0.8513762852838382,
            -0.02377203357640084,
            -0.04109157017380982
        ],
        [
            0.6522144386010238,
            -0.4190708826995897,
            0.6316612393947709,
            0.05923496561716454
        ],
        [
            -0.5477435666481318,
            0.3154964597736067,
            0.7748799707476665,
            0.7678108222081669
        ],
        [
            0.0,
            0.0,
            0.0,
            1.0
        ]
    ],
    [
        [
            -0.5238033844983361,
            -0.851506171532471,
            -0.023817099533773423,
            -0.04109573853082919
        ],
        [
            0.6518970203796874,
            -0.41869795441689317,
            0.632235951039795,
            0.059212629716262705
        ],
        [
            -0.5483249850300213,
            0.31564103473601585,
            0.7744097416630321,
            0.7677959973481345
        ],
        [
            0.0,
            0.0,
            0.0,
            1.0
        ]
    ],
    [
        [
            -0.5239836051192324,
            -0.8514105163111348,
            -0.023266161717383382,
            -0.04107087349544377
        ],
        [
            0.6516855169807035,
            -0.4183558484522425,
            0.6326803071246945,
            0.059201939792500505
        ],
        [
            -0.5484042017744264,
            0.3163518875881908,
            0.7740635081797507,
            0.7677023832727928
        ],
        [
            0.0,
            0.0,
            0.0,
            1.0
        ]
    ],
    [
        [
            -0.5238922851400365,
            -0.8514618003400916,
            -0.02344517290106274,
            -0.04109606805808074
        ],
        [
            0.6519171463713609,
            -0.4185266065699975,
            0.6323286438712262,
            0.059211415148132315
        ],
        [
            -0.5482161141719315,
            0.31598778798335303,
            0.7743454074297951,
            0.7676944030366224
        ],
        [
            0.0,
            0.0,
            0.0,
            1.0
        ]
    ],
    [
        [
            -0.5241316714067743,
            -0.8513065391071278,
            -0.023731150452206695,
            -0.04110344328357549
        ],
        [
            0.6521916035757941,
            -0.4191482712134218,
            0.6316334688441028,
            0.05923551299370138
        ],
        [
            -0.5476605730318509,
            0.31558184867359523,
            0.774903860833188,
            0.7679382527320631
        ],
        [
            0.0,
            0.0,
            0.0,
            1.0
        ]
    ],
    [
        [
            -0.5238341773487167,
            -0.8514962739992562,
            -0.023491487964276192,
            -0.041092612867545446
        ],
        [
            0.6518671877366518,
            -0.4184712650307374,
            0.632416769145065,
            0.0592102139025832
        ],
        [
            -0.5483310352275357,
            0.3159681878116166,
            0.7742720323615866,
            0.7676528020381793
        ],
        [
            0.0,
            0.0,
            0.0,
            1.0
        ]
    ],
    [
        [
            -0.5242069464520216,
            -0.8512710563130954,
            -0.02333807993461018,
            -0.04109989059649594
        ],
        [
            0.6521501662591094,
            -0.4189117171093406,
            0.6318331535434966,
            0.05922604719108229
        ],
        [
            -0.5476378711700491,
            0.3159913953766632,
            0.7747529929650133,
            0.7677935057368425
        ],
        [
            0.0,
            0.0,
            0.0,
            1.0
        ]
    ],
    [
        [
            -0.5240547879222921,
            -0.8513546381123329,
            -0.023703573999290517,
            -0.04110002263235672
        ],
        [
            0.652169365579959,
            -0.4190342895762409,
            0.6317320498109692,
            0.0592322446775437
        ],
        [
            -0.5477606209419905,
            0.3156034605703075,
            0.7748243399773211,
            0.7678879198495004
        ],
        [
            0.0,
            0.0,
            0.0,
            1.0
        ]
    ],
    [
        [
            -0.523911956268911,
            -0.8514437936963846,
            -0.02365857676173816,
            -0.04109577357966183
        ],
        [
            0.6518184277580596,
            -0.418648840197265,
            0.6323494965891061,
            0.05921000477112992
        ],
        [
            -0.5483146900398472,
            0.31587436549583015,
            0.774321887788995,
            0.7677529582251539
        ],
        [
            0.0,
            0.0,
            0.0,
            1.0
        ]
    ],
    [
        [
            -0.5241107658447162,
            -0.8513250403127088,
            -0.023528299178420198,
            -0.041097273088376324
        ],
        [
            0.6522388048657948,
            -0.4190030182911686,
            0.6316810999943958,
            0.05923440910761349
        ],
        [
            -0.5476243662885212,
            0.31572479535103803,
            0.7748712196537182,
            0.7678439826016171
        ],
        [
            0.0,
            0.0,
            0.0,
            1.0
        ]
    ],
    [
        [
            -0.5238591714005623,
            -0.8514807021797134,
            -0.023498560701849247,
            -0.04109646957987486
        ],
        [
            0.6519435090825009,
            -0.4185467118020507,
            0.6322881550407901,
            0.059210645750020295
        ],
        [
            -0.5482164075478873,
            0.31591021486370685,
            0.7743768505321265,
            0.7677129107455266
        ],
        [
            0.0,
            0.0,
            0.0,
            1.0
        ]
    ],
    [
        [
            -0.5241738907097964,
            -0.8513036842766027,
            -0.022886009596199575,
            -0.041086984653717885
        ],
        [
            0.6519351494398268,
            -0.41841719015965895,
            0.6323824917751653,
            0.05921322334590126
        ],
        [
            -0.5479254449494253,
            0.3165581970443643,
            0.7743181611333909,
            0.767497012430965
        ],
        [
            0.0,
            0.0,
            0.0,
            1.0
        ]
    ],
    [
        [
            -0.5241369515518697,
            -0.851312501422853,
            -0.023398310603076455,
            -0.04110452727053355
        ],
        [
            0.6522304002682638,
            -0.4189292088783738,
            0.6317387299465185,
            0.05922892412558314
        ],
        [
            -0.5476093141865042,
            0.31585652260117225,
            0.7748281720139516,
            0.7678115496531798
        ],
        [
            0.0,
            0.0,
            0.0,
            1.0
        ]
    ],
    [
        [
            -0.5241236596839909,
            -0.8513175064186667,
            -0.023513668887756856,
            -0.04110068764229295
        ],
        [
            0.6521993286413235,
            -0.41898293884057014,
            0.6317351760669383,
            0.05923083826756026
        ],
        [
            -0.5476590408997798,
            0.31577175336882474,
            0.7748275773971338,
            0.7678131799079462
        ],
        [
            0.0,
            0.0,
            0.0,
            1.0
        ]
    ],
    [
        [
            -0.5238219369963311,
            -0.8515243799564388,
            -0.022733426077340135,
            -0.04107591597944493
        ],
        [
            0.6519437571688645,
            -0.4179394612584999,
            0.6326894532165832,
            0.059192263965246815
        ],
        [
            -0.5482516902025529,
            0.3165956996908784,
            0.7740718617333193,
            0.767445874345447
        ],
        [
            0.0,
            0.0,
            0.0,
            1.0
        ]
    ],
    [
        [
            -0.5241051714276896,
            -0.8513226831757563,
            -0.023737278554670393,
            -0.04110485452363223
        ],
        [
            0.6521859466383944,
            -0.41912173911209827,
            0.631656915430387,
            0.0592323303039853
        ],
        [
            -0.5476926695603408,
            0.3155735364603319,
            0.7748845609481368,
            0.7679165745111792
        ],
        [
            0.0,
            0.0,
            0.0,
            1.0
        ]
    ],
    [
        [
            -0.5241604809001152,
            -0.8513046626250793,
            -0.023155164766416825,
            -0.04109090689993878
        ],
        [
            0.6523186050628944,
            -0.4188243814420358,
            0.6317171637675327,
            0.059220074948815156
        ],
        [
            -0.5474817145360744,
            0.31601662757281623,
            0.7748530591964804,
            0.7677378607717592
        ],
        [
            0.0,
            0.0,
            0.0,
            1.0
        ]
    ],
    [
        [
            -0.5240792665570957,
            -0.8513376850507437,
            -0.02377116693427278,
            -0.04110770900177677
        ],
        [
            0.6522432870091348,
            -0.4191527233723509,
            0.6315771441724763,
            0.059233237566879704
        ],
        [
            -0.547649173208995,
            0.31549190243488356,
            0.7749485418926356,
            0.7679439511031202
        ],
        [
            0.0,
            0.0,
            0.0,
            1.0
        ]
    ],
    [
        [
            -0.5244491777262801,
            -0.8511332042583999,
            -0.022920047797894083,
            -0.04109112548312801
        ],
        [
            0.6519727383972052,
            -0.418753273266687,
            0.6321212261230316,
            0.059230016235239366
        ],
        [
            -0.5476172097086414,
            0.31657221093656396,
            0.774530455756039,
            0.7677659712545934
        ],
        [
            0.0,
            0.0,
            0.0,
            1.0
        ]
    ],
    [
        [
            -0.5242205432254572,
            -0.851267090350728,
            -0.023176776009893485,
            -0.04109490148339251
        ],
        [
            0.6522426259412304,
            -0.41885964033867884,
            0.6317722363325577,
            0.059217267232850236
        ],
        [
            -0.5475147294509028,
            0.31607110367947044,
            0.7748075105812708,
            0.7677387476788532
        ],
        [
            0.0,
            0.0,
            0.0,
            1.0
        ]
    ],
    [
        [
            -0.524065130221075,
            -0.8513544378550396,
            -0.023481065369722554,
            -0.04110236295012516
        ],
        [
            0.6522392491019996,
            -0.41892031512987904,
            0.6317354917228748,
            0.05923283684049654
        ],
        [
            -0.5476675097330745,
            0.3157552702901605,
            0.77482830876702,
            0.7678235048668436
        ],
        [
            0.0,
            0.0,
            0.0,
            1.0
        ]
    ],
    [
        [
            -0.5240723856508536,
            -0.8513621209523767,
            -0.023036354001750692,
            -0.041089769615440336
        ],
        [
            0.6522454929776631,
            -0.41860149097968447,
            0.6319403521218683,
            0.0592120764371111
        ],
        [
            -0.5476531306297341,
            0.31615712985326794,
            0.774674588297819,
            0.7676703542352591
        ],
        [
            0.0,
            0.0,
            0.0,
            1.0
        ]
    ],
    [
        [
            -0.5241053242141442,
            -0.851321880902008,
            -0.02376266457814974,
            -0.0411057555648528
        ],
        [
            0.6521568154159134,
            -0.419123951140808,
            0.6316855243605723,
            0.05923248707050277
        ],
        [
            -0.5477272106048416,
            0.3155727628892969,
            0.7748604610415059,
            0.7679161989646892
        ],
        [
            0.0,
            0.0,
            0.0,
            1.0
        ]
    ],
    [
        [
            -0.5241025762546068,
            -0.8513259045300553,
            -0.023678974626589744,
            -0.04109780895513391
        ],
        [
            0.6521564722420797,
            -0.4190587684331142,
            0.6317291225771426,
            0.05923178931686936
        ],
        [
            -0.5477302486407419,
            0.31564846407895647,
            0.7748274787644968,
            0.7678998844062928
        ],
        [
            0.0,
            0.0,
            0.0,
            1.0
        ]
    ],
    [
        [
            -0.5239966845999393,
            -0.851401142425235,
            -0.023314570664634438,
            -0.041098108448200825
        ],
        [
            0.6519931690196428,
            -0.41858298547631745,
            0.6322129323427801,
            0.05920746589926323
        ],
        [
            -0.548025895446552,
            0.3160765396968552,
            0.7744438255763082,
            0.7675142707605936
        ],
        [
            0.0,
            0.0,
            0.0,
            1.0
        ]
    ],
    [
        [
            -0.5240870028429461,
            -0.8513416048970865,
            -0.023458158971902232,
            -0.041101969099387126
        ],
        [
            0.6522989945221878,
            -0.41896073045297855,
            0.6316469964178171,
            0.05923513440315878
        ],
        [
            -0.5475754150767189,
            0.3157362476966493,
            0.7749011464012678,
            0.7678669715181603
        ],
        [
            0.0,
            0.0,
            0.0,
            1.0
        ]
    ],
    [
        [
            -0.5244229601973274,
            -0.8511614302964468,
            -0.022467273835056534,
            -0.04108594088195335
        ],
        [
            0.6518217033565676,
            -0.4183019862086872,
            0.6325756202757185,
            0.05921535489709867
        ],
        [
            -0.5478220749944411,
            0.3170925226327078,
            0.7741726591912237,
            0.7675309216024807
        ],
        [
            0.0,
            0.0,
            0.0,
            1.0
        ]
    ],
    [
        [
            -0.5241159488100675,
            -0.8513252142359208,
            -0.023406234406376958,
            -0.04110384324534237
        ],
        [
            0.6522542683634566,
            -0.41892680271298577,
            0.6317156823843517,
            0.059235500909389026
        ],
        [
            -0.5476009875854633,
            0.3158254479531988,
            0.7748467234366979,
            0.7678443319581696
        ],
        [
            0.0,
            0.0,
            0.0,
            1.0
        ]
    ],
    [
        [
            -0.5241551072932378,
            -0.8513005387078811,
            -0.023426828511039055,
            -0.04109954770923329
        ],
        [
            0.6521782828708018,
            -0.41893937456429975,
            0.6317857926476074,
            0.05922787962899568
        ],
        [
            -0.5476540065133337,
            0.3158752811401118,
            0.7747889363656071,
            0.7678023802663747
        ],
        [
            0.0,
            0.0,
            0.0,
            1.0
        ]
    ],
    [
        [
            -0.5240818767888791,
            -0.8513386100333158,
            -0.023680318578685577,
            -0.041079704611326505
        ],
        [
            0.6519156916288009,
            -0.4188992832278735,
            0.6320833184947343,
            0.05921906024780507
        ],
        [
            -0.5480366022717719,
            0.31582584057944896,
            0.7745385213097514,
            0.7675941644733394
        ],
        [
            0.0,
            0.0,
            0.0,
            1.0
        ]
    ],
    [
        [
            -0.5239618949836269,
            -0.8514200868023212,
            -0.023404452454478808,
            -0.0410841987360438
        ],
        [
            0.6519294210950171,
            -0.41857646703501206,
            0.6322829834458641,
            0.059204661343612325
        ],
        [
            -0.548134985670393,
            0.3160341390325022,
            0.7743839231609235,
            0.7677101467673657
        ],
        [
            0.0,
            0.0,
            0.0,
            1.0
        ]
    ],
    [
        [
            -0.5240970992172527,
            -0.8513498067575777,
            -0.022928958238352393,
            -0.04109648666289608
        ],
        [
            0.6521200980135368,
            -0.4184753030622761,
            0.6321533029999535,
            0.0592195474312771
        ],
        [
            -0.5477787950978718,
            0.31635727786913803,
            0.7745040118555571,
            0.7675963035445131
        ],
        [
            0.0,
            0.0,
            0.0,
            1.0
        ]
    ],
    [
        [
            -0.5241104925994025,
            -0.8513271519727788,
            -0.023457874181799843,
            -0.041101238595075834
        ],
        [
            0.6522075008352617,
            -0.4189324232544194,
            0.6317602398065285,
            0.05922949778927774
        ],
        [
            -0.5476619097595103,
            0.31581276899469657,
            0.774808832899102,
            0.7678013325214199
        ],
        [
            0.0,
            0.0,
            0.0,
            1.0
        ]
    ],
    [
        [
            -0.5241646435698157,
            -0.8512976202408051,
            -0.023319266790995774,
            -0.04109916256170256
        ],
        [
            0.6522202781606881,
            -0.41889378817625733,
            0.6317726671701929,
            0.05923425408685505
        ],
        [
            -0.5475948640987445,
            0.3159435962314895,
            0.7748028838440078,
            0.7678206788138651
        ],
        [
            0.0,
            0.0,
            0.0,
            1.0
        ]
    ],
    [
        [
            -0.524074163478724,
            -0.851342612474542,
            -0.023707116212172474,
            -0.0411007542196922
        ],
        [
            0.6522112696041804,
            -0.41908140019978624,
            0.6316575336429463,
            0.059235194803581255
        ],
        [
            -0.5476921863377081,
            0.3155733451855661,
            0.774884980389356,
            0.7679316617114036
        ],
        [
            0.0,
            0.0,
            0.0,
            1.0
        ]
    ],
    [
        [
            -0.5240774052458304,
            -0.85134268859952,
            -0.023632602034853012,
            -0.04111162433086206
        ],
        [
            0.6521450172275959,
            -0.4189913329649608,
            0.6317856752138842,
            0.059241218221551775
        ],
        [
            -0.547767970783265,
            0.3156927136764255,
            0.7747827829240906,
            0.7678789405986945
        ],
        [
            0.0,
            0.0,
            0.0,
            1.0
        ]
    ],
    [
        [
            -0.5205172505220046,
            -0.8534975011790449,
            -0.024572492550398117,
            -0.04088809242201515
        ],
        [
            0.6491729708608409,
            -0.4142732812354295,
            0.6379279758390761,
            0.058866573363337685
        ],
        [
            -0.5546496604278441,
            0.3161007180244258,
            0.7697038977760993,
            0.7666703214380548
        ],
        [
            0.0,
            0.0,
            0.0,
            1.0
        ]
    ],
    [
        [
            -0.5170375002610426,
            -0.8556485525335187,
            -0.023190038186852446,
            -0.04032082808733453
        ],
        [
            0.6530464410934944,
            -0.4118371578542066,
            0.6355474027841599,
            0.05805842913036481
        ],
        [
            -0.5533557346761073,
            0.3134576685261735,
            0.7717134966703649,
            0.7679537676129342
        ],
        [
            0.0,
            0.0,
            0.0,
            1.0
        ]
    ],
    [
        [
            -0.5115001785110176,
            -0.8589223946663471,
            -0.024897536501129525,
            -0.03978894329519907
        ],
        [
            0.6555087240401356,
            -0.40877099384628,
            0.6349918009684835,
            0.057543879157750714
        ],
        [
            -0.5555860690212371,
            0.30847786716481373,
            0.772117559299733,
            0.7686839428898417
        ],
        [
            0.0,
            0.0,
            0.0,
            1.0
        ]
    ],
    [
        [
            -0.5058812343716077,
            -0.8622762694520639,
            -0.023744722581864164,
            -0.03925788261874889
        ],
        [
            0.6587053707986429,
            -0.40393016822049654,
            0.634781579507773,
            0.057039688819148844
        ],
        [
            -0.5569483020816928,
            0.3054833127049533,
            0.7723267018996087,
            0.7690791345850196
        ],
        [
            0.0,
            0.0,
            0.0,
            1.0
        ]
    ],
    [
        [
            -0.5011873159614639,
            -0.8650179640878808,
            -0.023562600123958777,
            -0.0388949597887661
        ],
        [
            0.6611001742216163,
            -0.40032381961505625,
            0.634576551010956,
            0.05660322674724596
        ],
        [
            -0.5583527862950917,
            0.3024644793262007,
            0.772500747431637,
            0.769896821197624
        ],
        [
            0.0,
            0.0,
            0.0,
            1.0
        ]
    ],
    [
        [
            -0.49761964142766213,
            -0.8671008574053696,
            -0.022600786541123907,
            -0.038560458284122606
        ],
        [
            0.6623684446796088,
            -0.39669102805345435,
            0.6355346345830487,
            0.056069090198241585
        ],
        [
            -0.5600381558055849,
            0.30128446914629703,
            0.7717414934374809,
            0.7695675663704358
        ],
        [
            0.0,
            0.0,
            0.0,
            1.0
        ]
    ],
    [
        [
            -0.4956983694624968,
            -0.8682173390943212,
            -0.021949455760864767,
            -0.03827479949196647
        ],
        [
            0.662994811397665,
            -0.3946121951078956,
            0.6361753653922024,
            0.0555757142216307
        ],
        [
            -0.5610000058573941,
            0.300798716034667,
            0.7712322126700228,
            0.7698478841248481
        ],
        [
            0.0,
            0.0,
            0.0,
            1.0
        ]
    ],
    [
        [
            -0.4912895425782684,
            -0.8706767390873212,
