[
    [
        [
            -0.5171344292317168,
            -0.8558567562543564,
            -0.00901081999361747,
            -0.1480023136158921
        ],
        [
            0.6535774070654363,
            -0.40166496838614085,
            0.6414840809754994,
            0.12008851651124874
        ],
        [
            -0.5526378154603675,
            0.32584423570953547,
            0.7670834237409002,
            0.7034083631091217
        ],
        [
            0.0,
            0.0,
            0.0,
            1.0
        ]
    ],
    [
        [
            -0.5171553029135734,
            -0.8558512300365319,
            -0.00831051823444151,
            -0.14801079937886055
        ],
        [
            0.6534013150381422,
            -0.401057631109621,
            0.6420432213139278,
            0.12010586457418909
        ],
        [
            -0.5528264774545408,
            0.32660595305917844,
            0.7666233998851781,
            0.7034386763340197
        ],
        [
            0.0,
            0.0,
            0.0,
            1.0
        ]
    ],
    [
        [
            -0.5174142726225213,
            -0.8556919907623133,
            -0.008584138380560269,
            -0.147965064420964
        ],
        [
            0.6530528366376369,
            -0.40132647171212565,
            0.6422297530188339,
            0.1200709665234072
        ],
        [
            -0.5529958978564337,
            0.32669294459526654,
            0.7664641263005275,
            0.7032785623740526
        ],
        [
            0.0,
            0.0,
            0.0,
            1.0
        ]
    ],
    [
        [
            -0.5168962305718088,
            -0.8559991466590897,
            -0.009151379107287527,
            -0.1480009392942278
        ],
        [
            0.6533292701120168,
            -0.4013764115325398,
            0.6419173163890817,
            0.12009263309014993
        ],
        [
            -0.5531538227614039,
            0.32582577734760515,
            0.7667192518649014,
            0.7033638839855922
        ],
        [
            0.0,
            0.0,
            0.0,
            1.0
        ]
    ],
    [
        [
            -0.5170521029330619,
            -0.8559112531180322,
            -0.008546908120399321,
            -0.14800958337429293
        ],
        [
            0.6535535191114434,
            -0.4012174471611609,
            0.6417884057464186,
            0.1201055326371466
        ],
        [
            -0.5527430872562287,
            0.32625218294963365,
            0.7668341363104879,
            0.703458325339883
        ],
        [
            0.0,
            0.0,
            0.0,
            1.0
        ]
    ],
    [
        [
            -0.5170366701647082,
            -0.85592013824812,
            -0.008590613849433881,
            -0.14800966034524088
        ],
        [
            0.653523483924013,
            -0.40121643967970955,
            0.641819619901541,
            0.12011218199723347
        ],
        [
            -0.5527930332998159,
            0.32623011122834344,
            0.7668075226959706,
            0.7034586746029112
        ],
        [
            0.0,
            0.0,
            0.0,
            1.0
        ]
    ],
    [
        [
            -0.5171403742945992,
            -0.8558556739526214,
            -0.008769186823532171,
            -0.14802981296342552
        ],
        [
            0.6537521930556786,
            -0.4015931544879232,
            0.641350924489339,
            0.12011109200864882
        ],
        [
            -0.5524254731177163,
            0.32593558202740486,
            0.7671975580117054,
            0.7035365326693885
        ],
        [
            0.0,
            0.0,
            0.0,
            1.0
        ]
    ],
    [
        [
            -0.5171507183871666,
            -0.8558514879068558,
            -0.008565344082932969,
            -0.1479594222487175
        ],
        [
            0.6528453756629432,
            -0.4009157907458414,
            0.6426970080886856,
            0.12007055293181271
        ],
        [
            -0.5534871723420053,
            0.3267793741628415,
            0.7660725753312104,
            0.7032261007795646
        ],
        [
            0.0,
            0.0,
            0.0,
            1.0
        ]
    ],
    [
        [
            -0.5169860608830927,
            -0.855948291602213,
            -0.00882807769768873,
            -0.14798343991104082
        ],
        [
            0.6531166486202091,
            -0.40110194317905945,
            0.6423051256786675,
            0.12007773767188276
        ],
        [
            -0.5533209341310787,
            0.32629703228996076,
            0.7663981932201267,
            0.703302832873636
        ],
        [
            0.0,
            0.0,
            0.0,
            1.0
        ]
    ],
    [
        [
            -0.5170009623461633,
            -0.8559386747668016,
            -0.008887630257435886,
            -0.1479834010648785
        ],
        [
            0.6531783264965076,
            -0.4011984860154907,
            0.6421820992632076,
            0.12008212725488569
        ],
        [
            -0.5532341988058612,
            0.32620355586248584,
            0.76650059452965,
            0.7033168158398064
        ],
        [
            0.0,
            0.0,
            0.0,
            1.0
        ]
    ],
    [
        [
            -0.5172703644621301,
            -0.8557758130722564,
            -0.008895381370883138,
            -0.14800143313088987
        ],
        [
            0.6533472313424364,
            -0.40158407895666004,
            0.6417691351457345,
            0.12009593937256091
        ],
        [
            -0.552782746968814,
            0.3261563816469786,
            0.7668463010046815,
            0.7034056595092198
        ],
        [
            0.0,
            0.0,
            0.0,
            1.0
        ]
    ],
    [
        [
            -0.5171304772442487,
            -0.8558589924073303,
            -0.009025221362677638,
            -0.14801083685054583
        ],
        [
            0.6535516992463,
            -0.40165649398649017,
            0.6415155783383244,
            0.12009579593902948
        ],
        [
            -0.5526719152602291,
            0.32584880842806585,
            0.7670569132265219,
            0.7034426373533385
        ],
        [
            0.0,
            0.0,
            0.0,
            1.0
        ]
    ],
    [
        [
            -0.5173160248684254,
            -0.8557507907448237,
            -0.008643758091245402,
            -0.14797269483815584
        ],
        [
            0.6530810964043195,
            -0.4012857140109143,
            0.6422264843885551,
            0.12008180919482586
        ],
        [
            -0.5530544384901572,
            0.32658897695782674,
            0.7664661950771064,
            0.7032993631319097
        ],
        [
            0.0,
            0.0,
            0.0,
            1.0
        ]
    ],
    [
        [
            -0.517368203569841,
            -0.8557168114852369,
            -0.008881468147479143,
            -0.14807252446681596
        ],
        [
            0.6540084322071344,
            -0.40206567072626465,
            0.6407933887185513,
            0.12014482872648113
        ],
        [
            -0.551908608862809,
            0.3257175693219174,
            0.7676620040734989,
            0.7037475609612283
        ],
        [
            0.0,
            0.0,
            0.0,
            1.0
        ]
    ],
    [
        [
            -0.5170372992333097,
            -0.8559199156792595,
            -0.008574913710001353,
            -0.14800511420000215
        ],
        [
            0.6535058119653462,
            -0.4011948914996404,
            0.6418510830107753,
            0.12011079346745746
        ],
        [
            -0.552813336424727,
            0.3262571945232789,
            0.7667813626404602,
            0.7034382072044307
        ],
        [
            0.0,
            0.0,
            0.0,
            1.0
        ]
    ],
    [
        [
            -0.5170654021144605,
            -0.8558991249308856,
            -0.008947506845803255,
            -0.1480422371930491
        ],
        [
            0.6539279153075699,
            -0.4017523638574816,
            0.6410720082146948,
            0.12011417801268405
        ],
        [
            -0.5522876528745752,
            0.3256251312129794,
            0.767428578048031,
            0.7035642362008373
        ],
        [
            0.0,
            0.0,
            0.0,
            1.0
        ]
    ],
    [
        [
            -0.5169872163638476,
            -0.8559475917864862,
            -0.008828263208324694,
            -0.14797755346576655
        ],
        [
            0.6531175233492298,
            -0.4011037991977082,
            0.6423030771865672,
            0.12007994205631563
        ],
        [
            -0.553318822028068,
            0.32629658653452065,
            0.7663999078845138,
            0.7032811234043205
        ],
        [
            0.0,
            0.0,
            0.0,
            1.0
        ]
    ],
    [
        [
            -0.5171436704753316,
            -0.8558506197069206,
            -0.009063158090967138,
            -0.1480072967618042
        ],
        [
            0.6534779582039437,
            -0.4016551805989881,
            0.6415915164959705,
            0.12008993158976969
        ],
        [
            -0.5527467613916038,
            0.3258724177423957,
            0.7669929498540511,
            0.703408815944591
        ],
        [
            0.0,
            0.0,
            0.0,
            1.0
        ]
    ],
    [
        [
            -0.5169581996526866,
            -0.8559675413255599,
            -0.008589994699006565,
            -0.1480035492036389
        ],
        [
            0.6535007083698652,
            -0.40112092134425215,
            0.6419025086569008,
            0.12010872746401136
        ],
        [
            -0.552893338693764,
            0.3262231976071204,
            0.7667381439390167,
            0.7034301889640866
        ],
        [
            0.0,
            0.0,
            0.0,
            1.0
        ]
    ],
    [
        [
            -0.5169051578762465,
            -0.8559936404524366,
            -0.00916216491433991,
            -0.14797179696641136
        ],
        [
            0.6527776441310067,
            -0.4010688471709689,
            0.6426703098414638,
            0.1200697580727261
        ],
        [
            -0.5537963570516746,
            0.3262187415430554,
            0.7660880677718191,
            0.7032773934907851
        ],
        [
            0.0,
            0.0,
            0.0,
            1.0
        ]
    ],
    [
        [
            -0.5169695743599532,
            -0.8559575637716524,
            -0.008894279520355375,
            -0.1479820233667792
        ],
        [
            0.6531703553445704,
            -0.4011661488822422,
            0.6422104078026438,
            0.12008113882537412
        ],
        [
            -0.5532729399538137,
            0.3261937614564202,
            0.7664767993238776,
            0.7033126269989364
        ],
        [
            0.0,
            0.0,
            0.0,
            1.0
        ]
    ],
    [
        [
            -0.5170387691899925,
            -0.8559193121777294,
            -0.008546472705179664,
            -0.14800854541677688
        ],
        [
            0.6535039450545944,
            -0.4011739905652796,
            0.641866047623654,
            0.12010955562991119
        ],
        [
            -0.5528141685526697,
            0.3262844776190428,
            0.7667691534694707,
            0.7034475835934192
        ],
        [
            0.0,
            0.0,
            0.0,
            1.0
        ]
    ],
    [
        [
            -0.517253125397964,
            -0.8557880466956979,
            -0.008719139797053965,
            -0.14799661956749513
        ],
        [
            0.653431728801147,
            -0.4014838449842044,
            0.6417458204091739,
            0.12008913937918862
        ],
        [
            -0.552698995893771,
            0.3262476687264777,
            0.7668678364545978,
            0.7033845918383497
        ],
        [
            0.0,
            0.0,
            0.0,
            1.0
        ]
    ],
    [
        [
            -0.5172113777558349,
            -0.8558113750428811,
            -0.00890399163994876,
            -0.14798375087102986
        ],
        [
            0.6528098379525162,
            -0.40121214685157125,
            0.6425481528190418,
            0.1200950601408297
        ],
        [
            -0.5534724077967397,
            0.3265206020543978,
            0.7661935723051408,
            0.7033292375685899
        ],
        [
            0.0,
            0.0,
            0.0,
            1.0
        ]
    ],
    [
        [
            -0.5170087889133184,
            -0.855934703349848,
            -0.008814521415931365,
            -0.14798543229759636
        ],
        [
            0.6531882205635856,
            -0.4011576044032703,
            0.6421975746967645,
            0.12008036170438198
        ],
        [
            -0.5532152028852433,
            0.32626424877825255,
            0.7664884730156102,
            0.703325756643214
        ],
        [
            0.0,
            0.0,
            0.0,
            1.0
        ]
    ],
    [
        [
            -0.5172018350413432,
            -0.85581954226126,
            -0.008670231461370081,
            -0.14802868496018365
        ],
        [
            0.6538000891932827,
            -0.401611237365904,
            0.6412907744481301,
            0.12013010829628412
        ],
        [
            -0.5523112394300174,
            0.3260081672368871,
            0.7672489620026368,
            0.7035702909886937
        ],
        [
            0.0,
            0.0,
            0.0,
            1.0
        ]
    ],
    [
        [
            -0.5169564026646809,
            -0.855965195613053,
            -0.008925337142074607,
            -0.14798173056309333
        ],
        [
            0.6531650667069593,
            -0.4011726425331137,
            0.642211730285808,
            0.12007723175399469
        ],
        [
            -0.5532914904258739,
            0.32616574740782667,
            0.7664753302228382,
            0.703309690039892
        ],
        [
            0.0,
            0.0,
            0.0,
            1.0
        ]
    ],
    [
        [
            -0.5174212797319164,
            -0.855688651586835,
            -0.00849416423728827,
            -0.14796939288932467
        ],
        [
            0.6530151257098277,
            -0.4012439455073915,
            0.6423196570149785,
            0.12007790591338399
        ],
        [
            -0.5530338731712225,
            0.3268030412024431,
            0.7663897881535677,
            0.7032831003929466
        ],
        [
            0.0,
            0.0,
            0.0,
            1.0
        ]
    ],
    [
        [
            -0.5171968511328271,
            -0.8558263459161122,
            -0.00828750952723184,
            -0.14798181169289545
        ],
        [
            0.6531649094863039,
            -0.40094390289030657,
            0.6423547211244247,
            0.12008882327401389
        ],
        [
            -0.5530669201769685,
            0.3268107286656363,
            0.7663626618220637,
            0.7033449063611026
        ],
        [
            0.0,
            0.0,
            0.0,
            1.0
        ]
    ],
    [
        [
            -0.5170296281480518,
            -0.8559227548377404,
            -0.008752220750198325,
            -0.14798013959801565
        ],
        [
            0.6531755558787835,
            -0.4011250530027637,
            0.6422307880006779,
            0.12008015047959912
        ],
        [
            -0.5532106803194684,
            0.3263356088515363,
            0.7664613581753277,
            0.703299801039468
        ],
        [
            0.0,
            0.0,
            0.0,
            1.0
        ]
    ],
    [
        [
            -0.5170169606920425,
            -0.8559301249328071,
            -0.008779726036277302,
            -0.14798054227631355
        ],
        [
            0.6531550646346129,
            -0.4011204361564229,
            0.6422545112646819,
            0.12007858947011994
        ],
        [
            -0.5532467116024437,
            0.32632195287812016,
            0.7664411648462603,
            0.7032959238396046
        ],
        [
            0.0,
            0.0,
            0.0,
            1.0
        ]
    ],
    [
        [
            -0.5173813738396067,
            -0.8557118287001536,
            -0.008589541692091751,
            -0.14796553684297484
        ],
        [
            0.6530262249509383,
            -0.4012805851629926,
            0.6422854828637907,
            0.1200722383006521
        ],
        [
            -0.5530581014054201,
            0.3266973495360577,
            0.7664173655887156,
            0.7032628189373203
        ],
        [
            0.0,
            0.0,
            0.0,
            1.0
        ]
    ],
    [
        [
            -0.517030055161485,
            -0.8559234230869506,
            -0.008661170292115106,
            -0.14799473269695493
        ],
        [
            0.6532597356188328,
            -0.40110684553193177,
            0.6421565356567167,
            0.12009891730507515
        ],
        [
            -0.5531108748514395,
            0.32635623523772345,
            0.7665246035467714,
            0.7033934536217372
        ],
        [
            0.0,
            0.0,
            0.0,
            1.0
        ]
    ],
    [
        [
            -0.5172500801715398,
            -0.8557891731768503,
            -0.008788949642520472,
            -0.14799228688493543
        ],
        [
            0.653399157305883,
            -0.4015138023670233,
            0.6417602416329149,
            0.12008665230076077
        ],
        [
            -0.5527403511545885,
            0.3262078441455052,
            0.7668549710495747,
            0.7033758274144374
        ],
        [
            0.0,
            0.0,
            0.0,
            1.0
        ]
    ],
    [
        [
            -0.5171815461941061,
            -0.855832757532232,
            -0.00857551229080683,
            -0.14795876900356691
        ],
        [
            0.6529061363533635,
            -0.4009913439293442,
            0.6425881411961022,
            0.1200722891989314
        ],
        [
            -0.5533866870357445,
            0.3267357238327552,
            0.7661637823488451,
            0.7032257574742662
        ],
        [
            0.0,
            0.0,
            0.0,
            1.0
        ]
    ],
    [
        [
            -0.517126406963013,
            -0.8558584010205623,
            -0.00931002814448495,
            -0.1480105927974281
        ],
        [
            0.6534861961422695,
            -0.40182712780391405,
            0.6414754483317071,
            0.12008630180455766
        ],
        [
            -0.5527531733721951,
            0.32563991887264654,
            0.7670870697408374,
            0.7034053068240602
        ],
        [
            0.0,
            0.0,
            0.0,
            1.0
        ]
    ],
    [
        [
            -0.5169996628762237,
            -0.855939797948208,
            -0.008854991487967145,
            -0.1479834622160554
        ],
        [
            0.6531570592446316,
            -0.4011601062588228,
            0.6422277050278311,
            0.12008443849375572
        ],
        [
            -0.553260521404497,
            0.3262478067892426,
            0.7664627610134971,
            0.7033132585095904
        ],
        [
            0.0,
            0.0,
            0.0,
            1.0
        ]
    ],
    [
        [
            -0.517487476195218,
            -0.8556426447706427,
            -0.009076146263846785,
            -0.14802082428526592
        ],
        [
            0.6533770229090867,
            -0.40196312060534356,
            0.6415014540963038,
            0.12010950769223157
        ],
        [
            -0.552544276882461,
            0.32603882303049936,
            0.7670681247199136,
            0.7035259883086402
        ],
        [
            0.0,
            0.0,
            0.0,
            1.0
        ]
    ],
    [
        [
            -0.5173863072993035,
            -0.8557081115142846,
            -0.008662384651297761,
            -0.14797635542738044
        ],
        [
            0.6530402761588929,
            -0.40134868876847296,
            0.6422286413249911,
            0.12008364737386275
        ],
        [
            -0.5530368945499995,
            0.32662341911210807,
            0.7664641774760311,
            0.7033166473492332
        ],
        [
            0.0,
            0.0,
            0.0,
            1.0
        ]
    ],
    [
        [
            -0.5164926991429555,
            -0.8561937083990556,
            -0.012947023978429895,
            -0.148120566611187
        ],
        [
            0.652323100222284,
            -0.4032140990365711,
            0.6417888774780339,
            0.12011162059100984
        ],
        [
            -0.5547160216258524,
            0.3230336267882955,
            0.7667720725975792,
            0.7048939547575455
        ],
        [
            0.0,
            0.0,
            0.0,
            1.0
        ]
    ],
    [
        [
            -0.5172121258009392,
            -0.8557612965361879,
            -0.012814845889657256,
            -0.14761482957495242
        ],
        [
            0.6523734533836675,
            -0.4038904070962279,
            0.6413122612081505,
            0.11950769624340157
        ],
        [
            -0.5539860054592904,
            0.3233344126540597,
            0.7671729683382446,
            0.7053020935116688
        ],
        [
            0.0,
            0.0,
            0.0,
            1.0
        ]
    ],
    [
        [
            -0.5169337706332087,
            -0.8559366654613042,
            -0.01232483257155259,
            -0.14720386713898354
        ],
        [
            0.6523804163024095,
            -0.40323836665620494,
            0.6417153668734537,
            0.11902696679128605
        ],
        [
            -0.5542375566524054,
            0.32368386486728024,
            0.7668438474817101,
            0.7056642582062391
        ],
        [
            0.0,
            0.0,
            0.0,
            1.0
        ]
    ],
    [
        [
            -0.5171942093082973,
            -0.8557740976752111,
            -0.01268241326181091,
            -0.14686594675230163
        ],
        [
            0.6526684770556674,
            -0.4039448054828616,
            0.6409777322038954,
            0.11865355574364196
        ],
        [
            -0.5536551353647872,
            0.3232325600424425,
            0.7674546913092706,
            0.7059785318488495
        ],
        [
            0.0,
            0.0,
            0.0,
            1.0
        ]
    ],
    [
        [
            -0.5164903190637793,
            -0.856194757831805,
            -0.012972546963950116,
            -0.14658347841134384
        ],
        [
            0.6529046860145842,
            -0.4035694064514681,
            0.6409736384256429,
            0.1183433277144248
        ],
        [
            -0.5540335922068195,
            0.32258684231962464,
            0.7674532610320066,
            0.7065893179847672
        ],
        [
            0.0,
            0.0,
            0.0,
            1.0
        ]
    ],
    [
        [
            -0.5162454676231598,
            -0.8563321292424849,
            -0.013634573171774966,
            -0.146220881976954
        ],
        [
            0.652220290227734,
            -0.4034135703616535,
            0.6417680143660267,
            0.11788264242513236
        ],
        [
            -0.5550669420653644,
            0.3224170834107501,
            0.766777617142748,
            0.7070516075708748
        ],
        [
            0.0,
            0.0,
            0.0,
            1.0
        ]
    ],
    [
        [
            -0.5162819947661847,
            -0.8562985598964572,
            -0.01434148526140372,
            -0.14577145797455754
        ],
        [
            0.6521534478924458,
            -0.4039422809175428,
            0.6415033235214984,
            0.11735022001933357
        ],
        [
            -0.5551115043684869,
            0.3218437664556931,
            0.7669861848243218,
            0.7077269612494022
        ],
        [
            0.0,
            0.0,
            0.0,
            1.0
        ]
    ],
    [
        [
            -0.515500340646879,
            -0.8567523521258359,
            -0.015323378211055727,
            -0.14524703253546667
        ],
        [
            0.6520023680074035,
            -0.40378218614445327,
            0.6417576320271885,
            0.11671711076346164
        ],
        [
            -0.5560146678871789,
            0.32083539904326874,
            0.7667544168865652,
            0.7088756684707894
        ],
        [
            0.0,
            0.0,
            0.0,
            1.0
        ]
    ],
    [
        [
            -0.5148060895617212,
            -0.8571445703645737,
            -0.01666960241575144,
            -0.14458334263179176
        ],
        [
            0.6514798883476256,
            -0.40377387750148985,
            0.6422932437181452,
            0.11593399156630155
        ],
        [
            -0.5572689164386743,
            0.3197965624298389,
            0.7662776999426018,
            0.7099225361544889
        ],
        [
            0.0,
            0.0,
            0.0,
            1.0
        ]
    ],
    [
        [
            -0.5143573839990001,
            -0.8574015206031033,
            -0.017294912349928637,
            -0.14375902475294564
        ],
        [
            0.6507809342475258,
            -0.4033803242561069,
            0.6432483887449354,
            0.11491562625035891
        ],
        [
            -0.5584985739870988,
            0.3196043592796011,
            0.7654622109443763,
            0.7109582987762335
        ],
        [
            0.0,
            0.0,
            0.0,
            1.0
        ]
    ],
    [
        [
            -0.513894116884803,
            -0.8576649263670675,
            -0.01799196239884976,
            -0.1428945705668626
        ],
        [
            0.6500960129208486,
            -0.4030363551203009,
            0.6441559364282528,
            0.11385266615209927
        ],
        [
            -0.5597213687323406,
            0.31933144306678607,
            0.7646825608403001,
            0.7121143107744017
        ],
        [
            0.0,
            0.0,
            0.0,
            1.0
        ]
    ],
    [
        [
            -0.5139551542524434,
            -0.8575800429246185,
            -0.020163566022828094,
            -0.14215884687639477
        ],
        [
            0.6514038584199981,
            -0.40547035327638237,
            0.6413008699896369,
            0.11282979714413019
        ],
        [
            -0.5581425558518956,
            0.3164652628509733,
            0.7670245268280396,
            0.7142106942125259
        ],
        [
            0.0,
            0.0,
            0.0,
            1.0
        ]
    ],
    [
        [
            -0.5136384794945175,
            -0.8577672571603585,
            -0.02026930995755155,
            -0.14107728534604166
        ],
        [
            0.6506162222390484,
            -0.40477798405837695,
            0.6425366254004712,
            0.11154680236709856
        ],
        [
            -0.559351449217707,
            0.3168439934182621,
            0.7659868406786237,
            0.7147818259191341
        ],
        [
            0.0,
            0.0,
            0.0,
            1.0
        ]
    ],
    [
        [
            -0.5140877283620311,
            -0.8574467987996858,
            -0.022333713881448558,
            -0.14016895428928097
        ],
        [
            0.6495902504494991,
            -0.40620557239753996,
            0.6426737426362963,
            0.1103642569701245
        ],
        [
            -0.560130622327082,
            0.3158829216361003,
            0.7658143807412585,
            0.7163004938958819
        ],
        [
            0.0,
            0.0,
            0.0,
            1.0
        ]
    ],
    [
        [
            -0.5135690502653285,
            -0.8577529910425309,
            -0.02250859762758367,
            -0.13905873143659062
        ],
        [
            0.6490856331367293,
            -0.4055213642750919,
            0.6436149966959746,
            0.1090957826189677
        ],
        [
            -0.5611904057136576,
            0.3159307352475542,
            0.7650183651788237,
            0.7171688294557144
        ],
        [
            0.0,
            0.0,
            0.0,
            1.0
        ]
    ],
    [
        [
            -0.5126465724389586,
            -0.8582958028727751,
            -0.022843085114907014,
            -0.1380923689570728
        ],
        [
            0.6500485993008392,
            -0.40536992302768926,
            0.6427379279702908,
            0.10795337475391491
        ],
        [
            -0.5609191655787893,
            0.3146482802678324,
            0.7657454860532253,
            0.7189232756046559
        ],
        [
            0.0,
            0.0,
            0.0,
            1.0
        ]
    ],
    [
        [
            -0.5122461034421046,
            -0.8585546324452529,
            -0.022087838626200063,
            -0.13690833157312557
        ],
        [
            0.6496245434963324,
            -0.4041567537752253,
            0.6439295542720908,
            0.106570295511911
        ],
        [
            -0.5617756509457865,
            0.315501602982724,
            0.7647658834700783,
            0.7196053440384865
        ],
        [
            0.0,
            0.0,
            0.0,
            1.0
        ]
    ],
    [
        [
            -0.5112350463763682,
            -0.8590952572299003,
            -0.02437347660151018,
            -0.13592431083214548
        ],
        [
            0.6497525194186259,
            -0.40491012920568736,
            0.6433268615375718,
            0.1053514964064655
        ],
        [
            -0.5625481231554339,
            0.31305451006450163,
            0.7652035564884507,
            0.7216026781450277
        ],
        [
            0.0,
            0.0,
            0.0,
            1.0
        ]
    ],
    [
        [
            -0.5107722921797964,
            -0.8593309466301371,
            -0.025729160599403056,
            -0.13482583013674027
        ],
        [
            0.6494276487241857,
            -0.40527395831050383,
            0.6434257904280122,
            0.10398361732870776
        ],
        [
            -0.5633430523348746,
            0.3119348375527955,
            0.7650759847929733,
            0.7236130342659317
        ],
        [
            0.0,
            0.0,
            0.0,
            1.0
        ]
    ],
    [
        [
            -0.5121124685803944,
            -0.8585493523741967,
            -0.025175961994361507,
            -0.13358380530496256
        ],
        [
            0.6489821944107672,
            -0.4059765468341219,
            0.643432323370863,
            0.1024102643106609
        ],
        [
            -0.5626392546403771,
            0.31317096442436865,
            0.7650888942987158,
            0.7249525146695233
        ],
        [
            0.0,
            0.0,
            0.0,
            1.0
        ]
    ],
    [
        [
            -0.5140566643490834,
            -0.8573579567991063,
            -0.026135794450441452,
            -0.13257255059440914
        ],
        [
            0.6481047160507147,
            -0.4081908340845073,
            0.6429156398799277,
            0.10087559513239937
        ],
        [
            -0.5618772311378317,
            0.3135563376534689,
            0.7654909537324575,
            0.7270609500082834
        ],
        [
            0.0,
            0.0,
            0.0,
            1.0
        ]
    ],
    [
        [
            -0.515882041814212,
            -0.8562594025045068,
            -0.026183096765353797,
            -0.13131226123642767
        ],
        [
            0.6454363148133361,
            -0.4085980476007587,
            0.6453368105237973,
            0.09912863916164347
        ],
        [
            -0.5632740740117362,
            0.31601814998425715,
            0.7634493083543586,
            0.7278051820907205
        ],
        [
            0.0,
            0.0,
            0.0,
            1.0
        ]
    ],
    [
        [
            -0.5174232842087938,
            -0.8553126118002473,
            -0.026711066134188888,
            -0.13036576405394734
        ],
        [
            0.6469764101705592,
            -0.41143864181105716,
            0.641981127999483,
            0.09758500075911307
        ],
        [
            -0.5600845200872828,
            0.3148945539702326,
            0.7662550164524121,
            0.730384698506544
        ],
        [
            0.0,
            0.0,
            0.0,
            1.0
        ]
    ],
    [
        [
            -0.5187459557621095,
            -0.854500372216311,
            -0.02705082739292136,
            -0.12907246019667173
        ],
        [
            0.6447950544884121,
            -0.41182375795406356,
            0.643925873134384,
            0.09580457690782013
        ],
        [
            -0.5613750716657637,
            0.3165917027762715,
            0.7646095229890089,
            0.7314042221138398
        ],
        [
            0.0,
            0.0,
            0.0,
            1.0
        ]
    ],
    [
        [
            -0.5196678779343897,
            -0.8538652908431826,
            -0.029314872274250225,
            -0.12800527097498846
        ],
        [
            0.6447061042669381,
            -0.41442518967438,
            0.6423439898405698,
            0.09423307977210321
        ],
        [
            -0.5606240592091248,
            0.3149060610033433,
            0.7658556241089063,
            0.734102757048286
        ],
        [
            0.0,
            0.0,
            0.0,
            1.0
        ]
    ],
    [
        [
            -0.519677097957123,
            -0.8539094305480024,
            -0.027828012506268263,
            -0.12660638076681824
        ],
        [
            0.6434327738109435,
            -0.4125971311129075,
            0.6447928915422017,
            0.09240452271094933
        ],
        [
            -0.5620764889628618,
            0.31717864338347956,
            0.7638505932030147,
            0.7349832790139698
        ],
        [
            0.0,
            0.0,
            0.0,
            1.0
        ]
    ],
    [
        [
            -0.5201078099649081,
            -0.8535741776440191,
            -0.029983149815252352,
            -0.12541463198170505
        ],
        [
            0.643584363196914,
            -0.41475032301777426,
            0.6432583749980056,
            0.09079081422725828
        ],
        [
            -0.5615042595225168,
            0.3152670182813113,
            0.7650618757473682,
            0.7371553769486776
        ],
        [
            0.0,
            0.0,
            0.0,
            1.0
        ]
    ],
    [
        [
            -0.5213925310539342,
            -0.8528088325951831,
            -0.029443566509739172,
            -0.12400572162243181
        ],
        [
            0.6429337713404019,
            -0.41529758042631704,
            0.643555813711643,
            0.08898283431606657
        ],
        [
            -0.5610579241318854,
            0.316614931327769,
            0.7648326555718785,
            0.7382727671587213
        ],
        [
            0.0,
            0.0,
            0.0,
            1.0
        ]
    ],
    [
        [
            -0.5222786335824425,
            -0.8522748692156953,
            -0.02919890762728533,
            -0.12283821429359672
        ],
        [
            0.6433466812991419,
            -0.4162590665917991,
            0.642521156960224,
            0.08734932174077696
        ],
        [
            -0.5597589450510261,
            0.3167900515854215,
            0.7657114251804451,
            0.740625109735026
        ],
        [
            0.0,
            0.0,
            0.0,
            1.0
        ]
    ],
    [
        [
            -0.5217933527208773,
            -0.8525696566178842,
            -0.029269056540468907,
            -0.12151999308815747
        ],
        [
            0.6443277360382778,
            -0.4163660843308836,
            0.6414678888227804,
            0.08560344562149995
        ],
        [
            -0.5590827001688512,
            0.3158548154349249,
            0.7665913317658085,
            0.7421694120920692
        ],
        [
            0.0,
            0.0,
            0.0,
            1.0
        ]
    ],
    [
        [
            -0.5218697483739383,
            -0.8524560584232604,
            -0.031155002641653384,
            -0.12020064404744316
        ],
        [
            0.6430337739528066,
            -0.417135484838314,
            0.6422659518024569,
            0.08391264954367417
        ],
        [
            -0.5604993588650511,
            0.31514545173012404,
            0.7658484268872547,
            0.74398814014453
        ],
        [
            0.0,
            0.0,
            0.0,
            1.0
        ]
    ],
    [
        [
            -0.5221877845655731,
            -0.8522092481102049,
            -0.03254712100842683,
            -0.11892210463327467
        ],
        [
            0.6435078548369707,
            -0.418776924838169,
            0.6407211000007775,
            0.08219607723697588
        ],
        [
            -0.5596584301282509,
            0.3136324037125712,
            0.7670835397320532,
            0.7465959961932216
        ],
        [
            0.0,
            0.0,
            0.0,
            1.0
        ]
    ],
    [
        [
            -0.5226670918729883,
            -0.8519382006275236,
            -0.031943909976235696,
            -0.11733598847196025
        ],
        [
            0.6420396831404347,
            -0.41799214100675064,
            0.6427033649589228,
            0.08025232589307801
        ],
        [
            -0.560895851603453,
            0.3154106408606553,
            0.7654488691518904,
            0.7471234564242345
        ],
        [
            0.0,
            0.0,
            0.0,
            1.0
        ]
    ],
    [
        [
            -0.5240795248589893,
            -0.8510748393551643,
            -0.031816182048725605,
            -0.11608927554028271
        ],
        [
