{"0": {}, "1": {}, "2": {}, "3": {}, "4": {}, "5": {}, "6": {}, "7": {}, "8": {}, "9": {}, "10": {}, "11": {}, "12": {}, "13": {}, "14": {}, "15": {}, "16": {}, "17": {}, "18": {}, "19": {}, "20": {"13": [[-0.3782542144716987, 0.9238961292167385, -0.057790065346273956, -0.10224880367539951], [0.5764514213666236, 0.1862395275003793, -0.7956246584922033, 0.11967445082008278], [-0.7243117478260298, -0.33426154552201126, -0.603027123060347, 0.514324017330573], [0.0, 0.0, 0.0, 1.0]]}, "21": {"13": [[-0.3830450309575779, 0.9227536487773562, -0.042452419563358657, -0.08332443454193222], [0.5499123275984286, 0.1908659022887229, -0.8131215402993517, 0.1151713625724713], [-0.7422081488463911, -0.3348072744305102, -0.5805438422500284, 0.5257304400042759], [0.0, 0.0, 0.0, 1.0]]}, "22": {}, "23": {"13": [[-0.555468398261044, 0.8301867928896413, 0.04737876575980576, -0.08038325404325619], [0.46164091312975863, 0.3552661522778273, -0.8128183243323384, 0.0987868459215618], [-0.6916231096905547, -0.42962291600579183, -0.5805873096999687, 0.5568023490482015], [0.0, 0.0, 0.0, 1.0]]}, "24": {"13": [[-0.5579485110651294, 0.8296351741253696, 0.01997340367019268, -0.07162756884005111], [0.45510489345885174, 0.3260170764924386, -0.828608714524009, 0.09443112932135049], [-0.6939546058280843, -0.4532310047749283, -0.5594717699408047, 0.5779587865521225], [0.0, 0.0, 0.0, 1.0]]}, "25": {"13": [[-0.56683484372072, 0.823828328327825, 0.0022683449226880703, -0.06443231081940842], [0.44326004357173787, 0.3073035222648768, -0.8420718965601343, 0.09046239832032228], [-0.6944197532594303, -0.47631022521900757, -0.5393605247280622, 0.5954340020023103], [0.0, 0.0, 0.0, 1.0]]}, "26": {"13": [[-0.5694710335827333, 0.8220098321650661, -0.001605532364742368, -0.05739971409296185], [0.4413780001187856, 0.3041284530765139, -0.8442104862179979, 0.08518169312095521], [-0.6934610320135917, -0.48146206481222065, -0.5360094003143958, 0.6102168036343361], [0.0, 0.0, 0.0, 1.0]]}, "27": {"13": [[-0.4894505432890224, 0.8715591277869587, -0.028685404743820753, -0.04999122100245065], [0.5034089445524675, 0.255538539808825, -0.8253965648201744, 0.08140313298388208], [-0.7120516836709619, -0.41843128640627425, -0.5638241377750148, 0.6232710163260384], [0.0, 0.0, 0.0, 1.0]]}, "28": {"13": [[-0.4908985814627109, 0.871104759388648, -0.013967136010788472, -0.04516166404298659], [0.4947370119178852, 0.2655342401379416, -0.8274822392975745, 0.07866957117839624], [-0.7171149641141652, -0.4131199165917949, -0.5613181475408824, 0.6413609646899079], [0.0, 0.0, 0.0, 1.0]]}, "29": {"13": [[-0.4922922308175304, 0.8703707081502503, -0.010158241517643107, -0.04557051536192189], [0.4897157923014932, 0.267303338329582, -0.8298959983566505, 0.07059329130760683], [-0.7196018359115128, -0.4135260036707396, -0.5578256376690545, 0.6586157046852151], [0.0, 0.0, 0.0, 1.0]]}, "30": {"13": [[-0.4939599155217136, 0.8692898448144504, -0.018405639359981407, -0.039403491780536204], [0.4920039240274745, 0.26199454969894465, -0.830235505546236, 0.07182935177755467], [-0.7168931165796949, -0.4191587069720915, -0.557108820402384, 0.6780673016875758], [0.0, 0.0, 0.0, 1.0]]}, "31": {"13": [[-0.49549609919356197, 0.8682277710123856, -0.02577117239918708, -0.03259652991902433], [0.49500122083282144, 0.2578674144668156, -0.8297458574348028, 0.07097583287544926], [-0.7137628507130225, -0.42389259748085284, -0.5575461045895267, 0.694258124481503], [0.0, 0.0, 0.0, 1.0]]}, "32": {"13": [[-0.501755338828167, 0.8642659274953333, -0.03586065431726859, -0.024400185900628646], [0.4954041964707336, 0.2531313841855427, -0.830962805701614, 0.07513265360452276], [-0.7090953829187002, -0.43470554276537887, -0.5551709907879188, 0.7138696424829121], [0.0, 0.0, 0.0, 1.0]]}, "33": {"13": [[-0.4928520869069546, 0.8682005620543274, -0.05765938327809261, -0.014803502695046078], [0.5058454092089075, 0.23197496482580626, -0.8308477824946872, 0.0756336146257168], [-0.7079669783356657, -0.43865179783356195, -0.553504614112341, 0.7318521153133049], [0.0, 0.0, 0.0, 1.0]]}, "34": {"13": [[-0.4974953854168227, 0.8649823306628187, -0.06560418530921713, -0.012214504532821574], [0.4922362107352539, 0.21921826186940985, -0.8424054050775992, 0.08205414587033209], [-0.7142841551721322, -0.45138555726127694, -0.5348356984775426, 0.7565915176433018], [0.0, 0.0, 0.0, 1.0]]}, "35": {"13": [[-0.5375612310953581, 0.8377389202390241, -0.0960282476149425, -0.005011514741002833], [0.4882260280224958, 0.21637100919303975, -0.8454696516978965, 0.08885299993715606], [-0.6875051042607754, -0.5013751967314891, -0.5253186116233086, 0.7740140810665278], [0.0, 0.0, 0.0, 1.0]]}, "36": {"13": [[-0.6224307294491416, 0.7646527367887498, -0.16699155415434877, 0.003873045792782225], [0.4832656769235274, 0.20764222585421055, -0.850493381249939, 0.09690683629064056], [-0.6156575935900204, -0.6100745021419794, -0.49877332455852286, 0.7923405868800582], [0.0, 0.0, 0.0, 1.0]]}, "37": {"13": [[-0.47186511867180236, 0.86259466629611, -0.18241094116951528, 0.008648233475193704], [0.5186615354456844, 0.10427243321177038, -0.8485973552405297, 0.10483555127248043], [-0.7129751197832719, -0.4950330305642234, -0.49659719816006787, 0.8138158875659541], [0.0, 0.0, 0.0, 1.0]]}, "38": {"13": [[-0.4814902286812097, 0.8521075351834326, -0.20513387864546334, 0.018443742266915246], [0.5089498253079321, 0.08128666544463936, -0.8569495628914907, 0.11084894462674512], [-0.7135385308471731, -0.5170156927062335, -0.4728187163088531, 0.8330702158886549], [0.0, 0.0, 0.0, 1.0]]}, "39": {"13": [[-0.4862370416707116, 0.8458354464668003, -0.2193990355667577, 0.02145193276626455], [0.5033926055284577, 0.0659075845213355, -0.8615405242946113, 0.11761411915142155], [-0.7142614535354581, -0.5293567679768265, -0.45783401816656544, 0.8503149462945271], [0.0, 0.0, 0.0, 1.0]]}, "40": {"13": [[-0.48978437788787876, 0.8417143413215518, -0.22721846489801428, 0.02854851268678594], [0.4990136417519225, 0.05694143497669002, -0.8647213761254428, 0.12589568453580435], [-0.7149102380875991, -0.5369121348939897, -0.44791596408378953, 0.8690683998456006], [0.0, 0.0, 0.0, 1.0]]}, "41": {"13": [[-0.491966416303085, 0.8376104682905716, -0.23743998955514814, 0.03326402181835942], [0.49579130741231703, 0.04535677718876463, -0.8672564454977743, 0.13294718934238575], [-0.715653564739452, -0.5443817283608055, -0.4375940003046397, 0.8842512326511084], [0.0, 0.0, 0.0, 1.0]]}, "42": {"13": [[-0.500194953893454, 0.8353262855389308, -0.22811182518067386, 0.03687301753995385], [0.4764368739824739, 0.0455179984876386, -0.8780296218940952, 0.14250410209453368], [-0.72305802893636, -0.5478668711479205, -0.42074811739240636, 0.8993573697323202], [0.0, 0.0, 0.0, 1.0]]}, "43": {"13": [[-0.5075703698443954, 0.8331284589218727, -0.21970273232367693, 0.04231197866194004], [0.45136882059382255, 0.0399081535147181, -0.891444629283719, 0.15313149428568407], [-0.7339199598401487, -0.5516378433515154, -0.39630440614598683, 0.9142638550914581], [0.0, 0.0, 0.0, 1.0]]}, "44": {"13": [[-0.49052927737971874, -0.8622471689913572, -0.1261382083261094, 0.04483179367789988], [-0.2840900594408039, 0.29507291238477507, -0.9122635663577098, 0.1636071295301278], [0.823816645959677, -0.4116573768841715, -0.3896977519778524, 0.9262799897351963], [0.0, 0.0, 0.0, 1.0]]}, "45": {"13": [[-0.5457513593774739, -0.826485867786291, -0.13811793542904255, 0.04612925514478293], [-0.22459914008967496, 0.3030773536364676, -0.9261205882517105, 0.1723606120800043], [0.8072859964155319, -0.4744104004575125, -0.3510328929446993, 0.9377717722169578], [0.0, 0.0, 0.0, 1.0]]}, "46": {"13": [[-0.5427205492326335, -0.8285840943790364, -0.13748746845694937, 0.051610623327118875], [-0.22598775881931799, 0.30171115319664255, -0.9262288663718994, 0.17881408619398095], [0.808940009088715, -0.4716129542101492, -0.3509947052545457, 0.9521230606172074], [0.0, 0.0, 0.0, 1.0]]}, "47": {"13": [[-0.5418564124378666, -0.8291603300367645, -0.13742188833402386, 0.05219648206129053], [-0.22858913170343964, 0.30273162617334815, -0.9252570299011555, 0.18431696820859325], [0.8087883760088497, -0.4699433046738344, -0.3535741127758134, 0.9585014520654985], [0.0, 0.0, 0.0, 1.0]]}, "48": {"13": [[-0.57155180453729, -0.8092738527562828, -0.1356626919059543, 0.055581453761846936], [-0.22312602733167913, 0.3123747916398889, -0.9233833253178871, 0.18841504975126896], [0.7896475863683434, -0.49749152836298466, -0.35910843564265016, 0.9654493291840031], [0.0, 0.0, 0.0, 1.0]]}, "49": {"13": [[-0.4499569343877572, -0.881809474907348, -0.14124732620477787, 0.05844044292853847], [-0.2699927039803612, 0.28508310831247297, -0.9196910139564656, 0.19331999238702935], [0.8512594768892412, -0.37568560169179505, -0.36635724598775044, 0.9720599029776505], [0.0, 0.0, 0.0, 1.0]]}, "50": {"13": [[-0.4485707978624327, -0.8841171674288517, -0.1308475202770183, 0.05427716742419569], [-0.2698354419023181, 0.27354219970952975, -0.9232353433829603, 0.19683018365384586], [0.8520405351850588, -0.37882911614031967, -0.3612691893393387, 0.9765215422435821], [0.0, 0.0, 0.0, 1.0]]}, "51": {"13": [[-0.4517926707142823, -0.8837354910426138, -0.1220449284506589, 0.054079623619181144], [-0.2739219294325408, 0.2676110357017667, -0.9237700526357098, 0.2012272439110083], [0.8490289507813089, -0.38392175692749947, -0.36297923534672316, 0.9833240093357678], [0.0, 0.0, 0.0, 1.0]]}, "52": {"13": [[-0.4516289283562429, -0.885173970362197, -0.11179603420969714, 0.056516295401112825], [-0.27914599656853406, 0.25920042953255096, -0.9246040503533938, 0.20364392573510584], [0.8474130183514716, -0.3863705210330691, -0.3641551823125455, 0.9874985819635863], [0.0, 0.0, 0.0, 1.0]]}, "53": {"13": [[-0.3339769067797662, -0.9420431922337303, -0.03184414709019684, 0.05649803220664171], [-0.33852304629738617, 0.1514075376458165, -0.9286968852481245, 0.21027171973849126], [0.8796940222960237, -0.2993833353914568, -0.3694699522647673, 0.988348404789911], [0.0, 0.0, 0.0, 1.0]]}, "54": {"13": [[-0.4479039946806611, -0.8888517047000628, -0.09656427186541927, 0.05465913255885065], [-0.29273894751571067, 0.24784486877714795, -0.9235133077699706, 0.20771048000591144], [0.8447993372135778, -0.3853771763774168, -0.37121221931783044, 0.9898180247994284], [0.0, 0.0, 0.0, 1.0]]}, "55": {"13": [[-0.13828374434850543, -0.9839572095769451, -0.1127200770515574, 0.055592010811822384], [-0.34588488141626406, 0.15462748205596366, -0.9254479945413949, 0.20655879484691472], [0.9280308480091674, -0.08898624340078931, -0.36171838995107963, 0.9888905411097237], [0.0, 0.0, 0.0, 1.0]]}, "56": {"13": [[-0.07147219046589814, -0.9922806136958877, -0.10134549656160674, 0.05747032154753117], [-0.3943463065434773, 0.12143811107795299, -0.9109027257030997, 0.21024681459851627], [0.9161783213466275, -0.025138990853473597, -0.39998164287045057, 0.9876068717432044], [0.0, 0.0, 0.0, 1.0]]}, "57": {"13": [[-0.9152534333382487, -0.3976660348454788, -0.06459781337493234, 0.06380998806061554], [-0.11502902899673528, 0.41160636646456217, -0.904073294359428, 0.20796363424219658], [0.3861081134224149, -0.8200255629040568, -0.42246727794382943, 0.9875508852059753], [0.0, 0.0, 0.0, 1.0]]}, "58": {"13": [[-0.9142208290040834, -0.39721712281590815, -0.08011762076433879, 0.06514277462996722], [-0.118723956624749, 0.45160814098151936, -0.884282030306271, 0.21077187304196932], [0.3874337336093121, -0.7989171698875096, -0.46002875749292116, 0.9863514076075708], [0.0, 0.0, 0.0, 1.0]]}, "59": {"13": [[-0.912736323392354, -0.39798605396882103, -0.0923011636250291, 0.064040043009628], [-0.12370583750090167, 0.4845431659955062, -0.8659762040929598, 0.2097372270904719], [0.3893703503457964, -0.7789897439205332, -0.4914933459755213, 0.9876138382451698], [0.0, 0.0, 0.0, 1.0]]}, "60": {"13": [[0.9229118840934433, -0.07951191724494747, 0.3767114402498594, 0.05850114358814243], [0.1477173634589706, -0.8304357367382811, -0.5371741502349853, 0.21020873588198363], [0.3555463890012401, 0.5514112278182054, -0.754673719632662, 0.9875619864836342], [0.0, 0.0, 0.0, 1.0]]}, "61": {"13": [[0.9210750306181748, -0.08064761203197758, 0.38094192555462847, 0.05814112512636522], [0.15393296483556318, -0.823209647721445, -0.5464709674221194, 0.2148652394726208], [0.3576666469055533, 0.5619802830810646, -0.7458235254532164, 0.9906329360493791], [0.0, 0.0, 0.0, 1.0]]}, "62": {"13": [[-0.8288642101424821, -0.5334222247303015, -0.16865601474200356, 0.060337922391652254], [-0.1703119161704081, 0.5277484263871284, -0.8321510978519908, 0.2136780272307388], [0.5328958363087886, -0.6610161333959146, -0.5282799438130046, 0.9903513643674987], [0.0, 0.0, 0.0, 1.0]]}, "63": {"13": [[0.9289874391763896, -0.08381514218640645, 0.3604959913685121, 0.06152100807826719], [0.13666329551897463, -0.8275051173149839, -0.5445717808291284, 0.21755119173339765], [0.34395563886987995, 0.5551669143219788, -0.757287406294219, 0.9899203925065144], [0.0, 0.0, 0.0, 1.0]]}, "64": {"13": [[0.9781296625101479, -0.06581394206243273, 0.19730911876542093, 0.06331633070310484], [0.06139968193484223, -0.814982800963165, -0.5762231453113753, 0.21939879047892943], [0.19872705496757212, 0.5757356677889922, -0.7931178969481643, 0.9904555182160791], [0.0, 0.0, 0.0, 1.0]]}, "65": {"13": [[0.9818522613142768, -0.061970760129198034, 0.17923660854036058, 0.06368727048335522], [0.0537233131339439, -0.8155033605403934, -0.5762534811810139, 0.21857345903422853], [0.181878922852411, 0.5754249680334825, -0.797374544104408, 0.9895589118794739], [0.0, 0.0, 0.0, 1.0]]}, "66": {"13": [[0.9831339035519102, -0.05716540149851279, 0.173723471523848, 0.06356854086650437], [0.05362643592920818, -0.8180341576536003, -0.5726642317113017, 0.21868941019007979], [0.17484831442228413, 0.5723217921619609, -0.8011715379119553, 0.9889831053671054], [0.0, 0.0, 0.0, 1.0]]}, "67": {"13": [[0.9837495074741825, -0.05189303892681041, 0.1718837370295509, 0.06428316232390664], [0.05607066325692085, -0.8206507767839697, -0.568672474527998, 0.21987160845893372], [0.1705666651671195, 0.5690689018693676, -0.8044051203584921, 0.989903486093961], [0.0, 0.0, 0.0, 1.0]]}, "68": {"13": [[0.9843856087661057, -0.04666460382779623, 0.1697273932038616, 0.06450974081292975], [0.058730311597633894, -0.8218998894594942, -0.5665962603178, 0.21901215628645643], [0.16593891573054298, 0.5677173473270533, -0.8063257963069927, 0.9885542577035228], [0.0, 0.0, 0.0, 1.0]]}, "69": {"13": [[0.9849000168369995, -0.04060380608883991, 0.16829523987795425, 0.06347457087177223], [0.06257278598593354, -0.8229020993963525, -0.5647271741850525, 0.21971513219417282], [0.16142057888768963, 0.566730505390504, -0.8079355982820584, 0.989818731170741], [0.0, 0.0, 0.0, 1.0]]}, "70": {"13": [[0.9671382959847814, 0.2537835896437987, -0.015407987122316044, 0.06408456301673736], [0.18464994150425237, -0.7427533856606812, -0.6436006581662825, 0.218188280314066], [-0.174779619927867, 0.6196057599127882, -0.7652063687272648, 0.9911314573516], [0.0, 0.0, 0.0, 1.0]]}, "71": {"13": [[-0.8846749396102247, -0.4642808406294331, -0.042350351239064166, 0.06131423795437039], [-0.26616200799648915, 0.5775605347943622, -0.7717393433973203, 0.21783987410238512], [0.38276368260967764, -0.671466402489713, -0.6345272520566794, 0.9931986934449468], [0.0, 0.0, 0.0, 1.0]]}, "72": {"13": [[-0.8832106964640076, -0.46727985341107575, -0.03985478952003646, 0.060647627233244385], [-0.27034067674242807, 0.5767256246411895, -0.7709108070202907, 0.22139254367114436], [0.3832163672783417, -0.6701023000097474, -0.6356949924072377, 0.9926301742673299], [0.0, 0.0, 0.0, 1.0]]}, "73": {"13": [[-0.8817046613427562, -0.47007745947298696, -0.04029977992345091, 0.06289540359176314], [-0.2723401607050048, 0.5768396337619363, -0.7701213370557703, 0.2195199746275666], [0.38526319190084646, -0.6680443241408595, -0.6366231647918212, 0.9938966932877225], [0.0, 0.0, 0.0, 1.0]]}, "74": {"13": [[-0.8800569803856217, -0.4733359382697405, -0.03811562431400295, 0.05896210882220663], [-0.2755457949590674, 0.574383102021111, -0.77081681805276, 0.22394073267872328], [0.38674827233604725, -0.667860121324002, -0.6359155857424572, 0.9958984585887827], [0.0, 0.0, 0.0, 1.0]]}, "75": {"13": [[-0.8779233808949061, -0.47752659332944936, -0.034912604331792885, 0.06328020024392741], [-0.2804483339112861, 0.5719568964808437, -0.7708528008474674, 0.2243656731704707], [0.38807121676883155, -0.666958515374961, -0.6360558697821963, 0.9899108534884835], [0.0, 0.0, 0.0, 1.0]]}, "76": {"13": [[-0.875728189246261, -0.48144679225039083, -0.036181829573334906, 0.06334819952962188], [-0.2826778694168793, 0.5720425691316992, -0.769974364016841, 0.22293983982681528], [0.3913992344159587, -0.6640604530711147, -0.6370481567084132, 0.9904825952512034], [0.0, 0.0, 0.0, 1.0]]}, "77": {"13": [[-0.8736747384800028, -0.48510527232026945, -0.03695031947055161, 0.06317441570136442], [-0.28636533022896027, 0.5741680339144504, -0.7670240977138026, 0.224133017283272], [0.39330312608058066, -0.6595482875407165, -0.6405534383775884, 0.9922486325418305], [0.0, 0.0, 0.0, 1.0]]}, "78": {"13": [[-0.871471923991354, -0.48898267726741296, -0.03785005980445805, 0.06407914654313243], [-0.28873830394548006, 0.5739115665602248, -0.766326109174858, 0.2216055844549266], [0.3964427796410165, -0.6569029266952476, -0.6413358460040441, 0.990219744315031], [0.0, 0.0, 0.0, 1.0]]}, "79": {"13": [[-0.8691595314340577, -0.4930374520152917, -0.03841587988838063, 0.06446005329798346], [-0.29251443933236654, 0.5751873418782286, -0.7639337828144066, 0.2205411065624927], [0.39874429362612923, -0.6527431291506076, -0.644150134399794, 0.9893282894434757], [0.0, 0.0, 0.0, 1.0]]}, "80": {"13": [[-0.7569897749771761, -0.6160464106168801, -0.21783778493655107, 0.06578148639035356], [-0.21937946905651123, 0.5536372842810666, -0.8033420230576569, 0.22066610188954866], [0.6154990894684477, -0.5603325596642978, -0.5542456977222003, 0.9892802295709079], [0.0, 0.0, 0.0, 1.0]]}, "81": {"13": [[-0.9614940925829096, -0.1875038558286165, -0.20092638945038716, 0.06397571719299404], [-0.006792859369512114, 0.7470958946112077, -0.6646815638459255, 0.2210523800743769], [0.2747416367967427, -0.6377225323794672, -0.7196019765855053, 0.9879761626316022], [0.0, 0.0, 0.0, 1.0]]}, "82": {"13": [[-0.9600180800895035, -0.18904104431989593, -0.20646735689620943, 0.06544857462436672], [-0.00701020804998824, 0.7535500685722127, -0.6573531403575321, 0.22052884430311187], [0.27985021508721314, -0.6296235206194702, -0.7247469071326789, 0.9888704375334567], [0.0, 0.0, 0.0, 1.0]]}, "83": {"13": [[-0.9515965466691134, 0.19711278877896787, -0.2358189154143413, 0.06568166469948528], [0.3002495736294956, 0.760157957845321, -0.5762031522473104, 0.2206355246139108], [0.06568261491996463, -0.619117458665324, -0.782546718396459, 0.9891987309169841], [0.0, 0.0, 0.0, 1.0]]}, "84": {"13": [[-0.9507595676035256, 0.20031828335128266, -0.23649276937266528, 0.06599477323452031], [0.3029891572805553, 0.7613249608000401, -0.5732206160225192, 0.22127432684141324], [0.06522127858894151, -0.6166497299261654, -0.7845312583965098, 0.9880725237025514], [0.0, 0.0, 0.0, 1.0]]}, "85": {"13": [[-0.950108339907578, 0.2035483112345164, -0.23635191438116682, 0.06441883059494327], [0.30528947339969353, 0.7622334770013991, -0.5707875821789534, 0.22013333877130772], [0.06397249306853507, -0.6144657936223417, -0.7863455402039627, 0.9879155916493213], [0.0, 0.0, 0.0, 1.0]]}, "86": {"13": [[-0.9492056805737454, 0.20696987499046487, -0.23700642778828565, 0.06591151109733327], [0.30835055684232954, 0.761880137811672, -0.5696126663822471, 0.22015428191422332], [0.06267782751147208, -0.6137606426405159, -0.7870002309300441, 0.9894663166119039], [0.0, 0.0, 0.0, 1.0]]}, "87": {"13": [[-0.9480614145785586, 0.21088118398281855, -0.23813584448651803, 0.06653266506564864], [0.3121068036689126, 0.7612058327421524, -0.56846725789873, 0.2205255404149377], [0.061391345406965225, -0.6132656899267486, -0.787487330861768, 0.9889033839886172], [0.0, 0.0, 0.0, 1.0]]}, "88": {"13": [[-0.9474540957989752, 0.2147830339292082, -0.23706325039936316, 0.06539663125202592], [0.3145658448411787, 0.7602178188077885, -0.5684339866919323, 0.22118722195646173], [0.058129730887920075, -0.613137110525283, -0.7878348926542953, 0.9882100955516908], [0.0, 0.0, 0.0, 1.0]]}, "89": {"13": [[-0.9469217600997819, 0.21888536439489104, -0.23543232043040802, 0.06676133624405825], [0.3168007047205309, 0.7597019013672277, -0.5678823245599337, 0.2204268986625603], [0.05455725192956047, -0.6123252553281914, -0.788721299287118, 0.9908418457069581], [0.0, 0.0, 0.0, 1.0]]}, "90": {"13": [[-0.9457922617037027, 0.22314684448858996, -0.23597136160174148, 0.06460232282498432], [0.3204884524738663, 0.7588906157340967, -0.5668969793371896, 0.2206895852324636], [0.05257517981235155, -0.6117928727482109, -0.7892688587054417, 0.9887818362328085], [0.0, 0.0, 0.0, 1.0]]}, "91": {"13": [[-0.9448496549587406, 0.2274410029644462, -0.23564744788534298, 0.06494595498525571], [0.3237404799805856, 0.7573986588216156, -0.5670444191041456, 0.22082425027192149], [0.04950990957665667, -0.6120603416214324, -0.7892597209207921, 0.9899515896003015], [0.0, 0.0, 0.0, 1.0]]}, "92": {"13": [[-0.9437723828810678, 0.23218623656419266, -0.23533644184687644, 0.06446814044634235], [0.32728872645742874, 0.7566440341442029, -0.566014041458214, 0.21993828211516578], [0.04664524461149158, -0.6112113849922489, -0.7900916807630562, 0.9882888094028504], [0.0, 0.0, 0.0, 1.0]]}, "93": {"13": [[-0.9429535664298334, 0.23708424437475983, -0.23372982827723626, 0.06559739263908622], [0.3301675263262088, 0.7561009209319004, -0.5650670773683106, 0.22184782728608324], [0.042754837350753375, -0.6100020151074759, -0.7912455784697499, 0.9897730382059097], [0.0, 0.0, 0.0, 1.0]]}, "94": {"13": [[-0.941692886926442, 0.2422347313101967, -0.23353124343269427, 0.06471951285627456], [0.3341591372668661, 0.7545488269950051, -0.5647953068692458, 0.2198910849964597], [0.03939768639409258, -0.6099003218785334, -0.7914982120505731, 0.989671199512354], [0.0, 0.0, 0.0, 1.0]]}, "95": {"13": [[-0.9402314931002189, 0.24772544257855839, -0.23365967662776302, 0.06601365546343077], [0.3386319457980587, 0.7526113587640777, -0.5647163429052761, 0.22026775634510068], [0.0359603207376413, -0.6100887212189273, -0.7915166502189959, 0.9882247365728352], [0.0, 0.0, 0.0, 1.0]]}, "96": {"13": [[-0.9389035117928981, 0.2535278054925978, -0.23277424124045692, 0.06523818869079444], [0.3426865796453882, 0.7515511944271024, -0.5636813907573504, 0.21881389672805765], [0.03203285304040136, -0.6090110458746238, -0.7925146322490133, 0.9903176239403514], [0.0, 0.0, 0.0, 1.0]]}, "97": {"13": [[-0.9371378694111925, 0.2594915899967523, -0.23331679844453618, 0.06593982067923956], [0.34774062066292893, 0.7502667631138588, -0.5622955138604735, 0.21946434145111957], [0.029138882209375605, -0.6080821481408663, -0.7933391624368344, 0.9899084819096287], [0.0, 0.0, 0.0, 1.0]]}, "98": {"13": [[0.8828593454950886, -0.4625344580346975, -0.08137107104206343, 0.06444307193652062], [-0.3655976978644805, -0.5681280406626525, -0.7372712206027083, 0.22146916067218256], [0.2947841572883046, 0.6806558635194175, -0.670678683177317, 0.9925845083235222], [0.0, 0.0, 0.0, 1.0]]}, "99": {"13": [[-0.3708511363518596, -0.9286284157687409, -0.01089495724511702, 0.06471791241775914], [-0.6498818914379884, 0.26787745750155123, -0.7112630982579423, 0.220290204270783], [0.6634176375764492, -0.2566922928125097, -0.7028414508003493, 0.988827913301031], [0.0, 0.0, 0.0, 1.0]]}, "100": {"13": [[-0.19539057103345225, -0.9807243337113725, -0.0015185577388647786, 0.06540518894352862], [-0.6856673274118583, 0.13771285651359932, -0.7147695329760106, 0.21948979563905535], [0.7012009989090867, -0.13861800177916872, -0.6993584264964923, 0.9875088163508513], [0.0, 0.0, 0.0, 1.0]]}, "101": {"13": [[-0.35416555778254133, -0.935092410331648, -0.012997762143169, 0.06485098790741768], [-0.6534820103882131, 0.2574002903692332, -0.7118330932295955, 0.220517341782216], [0.6689753506516971, -0.24361296077586547, -0.7022283856142928, 0.9909563262816468], [0.0, 0.0, 0.0, 1.0]]}, "102": {"13": [[0.8906078450742333, -0.44644837925603353, -0.08661126342394122, 0.06369014822836265], [-0.36044055874644176, -0.5768213435783884, -0.7330482529840556, 0.22061504208754204], [0.27730897912397895, 0.6840767371078218, -0.6746397170676606, 0.9912142301955651], [0.0, 0.0, 0.0, 1.0]]}, "103": {"13": [[0.891973465110987, -0.4433931037981716, -0.08823770759784436, 0.06476094098881309], [-0.3594367400557444, -0.5771514571763896, -0.7332812730305268, 0.22151253673309654], [0.2742053380880797, 0.685783311974996, -0.6741755569438928, 0.9890036251230099], [0.0, 0.0, 0.0, 1.0]]}, "104": {"13": [[0.8931837725162048, -0.4406673013026634, -0.0896385970235371, 0.06503452125534083], [-0.35855513944957584, -0.5775699087053694, -0.7333834007750424, 0.21962905192317317], [0.2714055277403459, 0.6871865322608548, -0.6738795956187464, 0.9911594267852247], [0.0, 0.0, 0.0, 1.0]]}, "105": {"13": [[0.8941627395642143, -0.4383291618976302, -0.09132656242923066, 0.06704393642403486], [-0.3585819268287575, -0.5789041040116076, -0.7323175814564974, 0.22039750396028085], [0.26812682992717213, 0.6875591495927017, -0.6748113950464725, 0.9864658896531845], [0.0, 0.0, 0.0, 1.0]]}, "106": {"13": [[0.895012927009092, -0.436649425056025, -0.09104471475522723, 0.06343181109334893], [-0.3584227007854742, -0.5825659570604611, -0.7294861706954255, 0.22002480917854003], [0.26549016563380323, 0.6855320454015786, -0.6779091286295413, 0.9906609430958598], [0.0, 0.0, 0.0, 1.0]]}, "107": {"13": [[0.8958153967534543, -0.43454857752931414, -0.09317890698382755, 0.06538554286603339], [-0.3592246289795587, -0.5845381948991393, -0.7275113501785073, 0.21853143497954455], [0.26167239226549965, 0.685188027092787, -0.6797388665176833, 0.9912235234831869], [0.0, 0.0, 0.0, 1.0]]}, "108": {"13": [[0.8965912084948896, -0.4330850244516797, -0.09252873307984603, 0.06566081627394384], [-0.35884807080885944, -0.5880326619463336, -0.7248763001789129, 0.21727383869901165], [0.2595231529679639, 0.6831214753468067, -0.6826366405296231, 0.9912189269659971], [0.0, 0.0, 0.0, 1.0]]}, "109": {"13": [[0.8972853585757091, -0.4321297911082612, -0.09023762476036078, 0.0652357945165354], [-0.3572637765723874, -0.5907629761208617, -0.7234374195423248, 0.22001988648526052], [0.259309813225216, 0.681368439011929, -0.6844672900026347, 0.9911556470014443], [0.0, 0.0, 0.0, 1.0]]}, "110": {"13": [[0.8980414263899219, -0.43083718006778593, -0.08888712369512695, 0.06575865729458898], [-0.3547450477545735, -0.5897552272218114, -0.725496190932906, 0.22069944012619605], [0.26014908721954033, 0.6830579010858365, -0.6824619814927806, 0.9886050337121002], [0.0, 0.0, 0.0, 1.0]]}, "111": {"13": [[0.41589202852675, -0.9088112895918836, -0.03310378404718367, 0.06536997387111178], [-0.6209942811168518, -0.25721089005638476, -0.7404111431202043, 0.2198128207456611], [0.664379352048263, 0.32848835283270006, -0.6713385722757117, 0.9897643536500742], [0.0, 0.0, 0.0, 1.0]]}, "112": {"13": [[-0.5760289773849758, -0.8122320258118786, -0.09203126348339996, 0.06506475539064002], [-0.375710106666305, 0.3630627498701883, -0.8526589912769881, 0.2199490608160221], [0.725970063405932, -0.45657921098340537, -0.5142984455898718, 0.9886475132246476], [0.0, 0.0, 0.0, 1.0]]}, "113": {"13": [[-0.5192274888807344, -0.8546119561356917, 0.006420219663964388, 0.06430332743680796], [-0.5694493240912879, 0.3403530357886193, -0.748256158224873, 0.22101037358143247], [0.6372835178180762, -0.3921711558228083, -0.6633788528872626, 0.9893195303978697], [0.0, 0.0, 0.0, 1.0]]}, "114": {"13": [[-0.5136533285757499, -0.8579776161579783, -0.005887972055441393, 0.06531752384734804], [-0.5648305081183495, 0.343302014809616, -0.7504067055446836, 0.2202926882045142], [0.6458535090419653, -0.38212319584072774, -0.6609501555024015, 0.9895184566880485], [0.0, 0.0, 0.0, 1.0]]}, "115": {"13": [[0.04390280521987644, -0.998978046953235, -0.01074269050684673, 0.06539768458609933], [-0.6979134551193318, -0.022974073756481417, -0.7158135239700549, 0.22129427049564354], [0.7148351927942708, 0.038923689965521646, -0.6982088466227321, 0.9895780670120983], [0.0, 0.0, 0.0, 1.0]]}, "116": {"13": [[0.04907389986989452, -0.9985286870152621, -0.023069754206242077, 0.06522287811312608], [-0.6895154470417628, -0.01715839344825576, -0.7240677025148081, 0.22035417537017418], [0.7226065323828434, 0.05143977781689685, -0.6893429832933609, 0.9884946630419248], [0.0, 0.0, 0.0, 1.0]]}, "117": {"13": [[0.0542705325199202, -0.997979770742389, -0.03303159834117958, 0.0660476546771515], [-0.6869271807091766, -0.01330587904343794, -0.7266044329522245, 0.21965068561151604], [0.7246970109659254, 0.06212351223047624, -0.6862615474621925, 0.9923191706782412], [0.0, 0.0, 0.0, 1.0]]}, "118": {"13": [[0.05946596774462298, -0.9974960477934923, -0.038280978521431586, 0.06376531000763445], [-0.6851104020809727, -0.012892034468301672, -0.7283251556878398, 0.22003038876062334], [0.7260079446126215, 0.06953725680260164, -0.6841615556838354, 0.989695795851512], [0.0, 0.0, 0.0, 1.0]]}, "119": {"13": [[0.1138789279968695, -0.9933392711845854, 0.01756935060725434, 0.06437772590915487], [-0.653182399210205, -0.08818407811256779, -0.7520480847189472, 0.2205408303856651], [0.7485882333568197, 0.07416643910768084, -0.6588740366639154, 0.9893996938297016], [0.0, 0.0, 0.0, 1.0]]}, "120": {"13": [[0.27318206760012864, 0.9592610822825252, -0.07203980816102551, 0.0655086908147526], [0.6681475208138683, -0.24308728491529186, -0.7031980249849921, 0.2193940667842362], [-0.6920624598777197, 0.14396787117503124, -0.7073350010407582, 0.9896394487995989], [0.0, 0.0, 0.0, 1.0]]}, "121": {"13": [[0.2700908554929484, 0.9603374052683812, -0.06930366383879188, 0.06565737408433799], [0.6663262006453193, -0.2383886276774423, -0.7065268972428718, 0.22010432856287993], [-0.695025412566088, 0.1446476070886032, -0.7042845629792551, 0.9867639865534211], [0.0, 0.0, 0.0, 1.0]]}, "122": {"13": [[0.26639768512776074, 0.9614580603613999, -0.06804903764687348, 0.06707966909488601], [0.6649497848260163, -0.23443304495213035, -0.7091423912687124, 0.22111013545885028], [-0.6977636111308796, 0.14366469851904384, -0.7017737508492516, 0.9904508228913427], [0.0, 0.0, 0.0, 1.0]]}, "123": {"13": [[-0.9087650420385536, 0.41590829038334887, -0.034152486865025894, 0.06595580822221572], [0.3210595352794535, 0.644539856586516, -0.6938941908371727, 0.2214126081501751], [-0.26658370763196904, -0.6415517650679743, -0.7192666122957185, 0.987267869120472], [0.0, 0.0, 0.0, 1.0]]}, "124": {"13": [[0.2583597616971892, 0.9636309569581126, -0.06830528769988248, 0.0655361806008389], [0.6679461317294954, -0.22926980251380868, -0.7080136458874807, 0.2197450384514871], [-0.6979242069475562, 0.13729798413404093, -0.7028876616567925, 0.9896125660155389], [0.0, 0.0, 0.0, 1.0]]}, "125": {"13": [[0.2540238439212862, 0.9645841464423208, -0.07105850513199125, 0.06537737419429861], [0.6661115133747875, -0.22774188413878393, -0.7102317128645178, 0.22060201779651298], [-0.7012612483725336, 0.1330829013850232, -0.7003724743948321, 0.9912323026099593], [0.0, 0.0, 0.0, 1.0]]}, "126": {"13": [[-0.1988370142541236, -0.9799083851740585, 0.015601231620428813, 0.06619609575517041], [-0.6166062176863117, 0.11271284386910174, -0.7791614640993998, 0.22055654055466958], [0.7617483928916989, -0.164545955564117, -0.6266290884043011, 0.991694607860655], [0.0, 0.0, 0.0, 1.0]]}, "127": {"13": [[-0.046345793137161584, -0.9982625242677485, -0.03638681218615547, 0.06465394447407095], [-0.67245473058099, 0.058114546016508006, -0.7378531932983304, 0.21832285960177944], [0.7386857943521966, -0.009727907476856146, -0.673979721533509, 0.989892267819327], [0.0, 0.0, 0.0, 1.0]]}, "128": {"13": [[-0.04468666908655061, -0.9981394716152856, -0.04148128264058182, 0.06584475140775975], [-0.663055282146157, 0.06069208520288305, -0.7461060002518449, 0.2206674552368205], [0.7472354344007177, -0.005836608371708574, -0.6645337761007233, 0.990044758657166], [0.0, 0.0, 0.0, 1.0]]}, "129": {"13": [[0.6103993629885123, -0.7878407706643392, -0.08197278659554347, 0.06546511056727077], [-0.576046319812287, -0.37049402563121103, -0.7286321530115865, 0.22087173526880313], [0.5436756892614738, 0.4919767240943414, -0.6799820937756094, 0.9903484908016883], [0.0, 0.0, 0.0, 1.0]]}, "130": {"13": [[0.2330293522720177, 0.970064314748416, -0.06835602556739195, 0.06488843242033117], [0.6672306835127453, -0.21062658851211946, -0.7144505967461019, 0.2180542814303648], [-0.7074606250236112, 0.12087872212855505, -0.6963388532731525, 0.9895763985859577], [0.0, 0.0, 0.0, 1.0]]}, "131": {"13": [[-0.40900917503947, -0.9123393107103986, -0.018667535081186182, 0.06560776150719645], [-0.5914274635830411, 0.280609549849134, -0.7559575622038562, 0.21916125317982896], [0.6949280898433039, -0.2981530859574345, -0.6543544049525425, 0.989858872070358], [0.0, 0.0, 0.0, 1.0]]}, "132": {"13": [[-0.344369320375987, 0.9373130617711886, -0.05342279866219307, 0.06418647671930486], [0.6996135254092645, 0.21826022818684787, -0.6803700374474508, 0.21988583461754452], [-0.626059650710858, -0.2716738799092496, -0.7309190220037056, 0.9908478465892111], [0.0, 0.0, 0.0, 1.0]]}, "133": {"13": [[-0.39736513358733894, 0.91721219454692, -0.02868345836085706, 0.06478729775031111], [0.667371983258136, 0.2673900905086479, -0.6950663101171567, 0.21811418285980863], [-0.6298536231309768, -0.29533765366475007, -0.7183732203782247, 0.9896953369161189], [0.0, 0.0, 0.0, 1.0]]}, "134": {"13": [[-0.6097262065996234, 0.7889087517109128, -0.07653061125825797, 0.06889541575392184], [0.5867598899621407, 0.3843499111606241, -0.7127327530866228, 0.22307426535163236], [-0.5328665729028701, -0.4794769308994433, -0.6972482256829347, 0.9898925849574124], [0.0, 0.0, 0.0, 1.0]]}, "135": {"13": [[-0.6088075004223259, 0.7893886625240788, -0.07886042675490529, 0.06950579637140654], [0.5826113094948396, 0.3774240012806659, -0.7198021848438639, 0.2305609624424835], [-0.5384398661672702, -0.484165945452319, -0.6896853251926087, 0.9908539864863577], [0.0, 0.0, 0.0, 1.0]]}, "136": {"13": [[0.632798507877707, -0.7731028049694973, -0.043337066998620444, 0.06179236864208789], [-0.5450931600464172, -0.4050205102584854, -0.7340516556350561, 0.2212508781343001], [0.5499449929750779, 0.48812953118844515, -0.6777094255530094, 0.9910086137766628], [0.0, 0.0, 0.0, 1.0]]}, "137": {"13": [[0.22132098101656017, -0.9749422961882774, 0.02246202272718134, 0.05951438139914218], [-0.62905644247759, -0.1603264657299004, -0.7606467094282323, 0.22250055385524706], [0.745187906195012, 0.15421719583006321, -0.6487773431393902, 0.9877841826262763], [0.0, 0.0, 0.0, 1.0]]}, "138": {"13": [[0.9897388287742978, 0.1354489088927326, -0.04550432832434219, 0.05717656837844872], [0.061993207557225344, -0.6939768534813604, -0.7173234758802184, 0.22080242180653853], [-0.12873963272142763, 0.7071419375994324, -0.6952527504835009, 0.9910099122195911], [0.0, 0.0, 0.0, 1.0]]}, "139": {"13": [[0.943842062043926, 0.31241004285231483, 0.10752733160310769, 0.06269111268805118], [0.31825214562655985, -0.7722263143140333, -0.5498927998119766, 0.22026277335614344], [-0.08875659818154825, 0.5532327580738313, -0.8282848433197727, 0.9925866952679615], [0.0, 0.0, 0.0, 1.0]]}, "140": {"13": [[0.9841643766431547, 0.14790405348049265, -0.09769785417618063, 0.06733233083127006], [0.03328878139378171, -0.6955719089787151, -0.7176848726795231, 0.22529186842734394], [-0.17410438472338283, 0.7030676428365523, -0.6894806399140925, 0.9915030283296069], [0.0, 0.0, 0.0, 1.0]]}, "141": {"13": [[0.9818666875090735, 0.15213351539237158, -0.11310703538824848, 0.06548762615013562], [0.025991027845196413, -0.6990390018726094, -0.7146110412892436, 0.2188469828318147], [-0.18778251897210688, 0.6987130078618157, -0.6903172156430588, 0.9912909688951969], [0.0, 0.0, 0.0, 1.0]]}, "142": {"13": [[0.9798670604686008, 0.15734279350263963, -0.12289747410508084, 0.06303742768399773], [0.022040028220706734, -0.6970468240736076, -0.7166867950541069, 0.21962126861668183], [-0.198430796411882, 0.6995491193488008, -0.686481062123103, 0.9884291297491021], [0.0, 0.0, 0.0, 1.0]]}, "143": {"13": [[0.9978326370106879, 0.04628632537385362, -0.046771835538949175, 0.062343225414625676], [0.0013455041262106192, -0.7249894182409111, -0.6887586900049619, 0.21684960951214702], [-0.06578919466708119, 0.6872029682139701, -0.7234803814499504, 0.989343042491894], [0.0, 0.0, 0.0, 1.0]]}, "144": {"13": [[0.9775268269501746, 0.16669614110039807, -0.1290492120664035, 0.06328154844597707], [0.024975732403631018, -0.699421290357449, -0.7142731070015329, 0.21791666160098502], [-0.20932633705204326, 0.694998025275581, -0.6878664328773554, 0.9906670506660076], [0.0, 0.0, 0.0, 1.0]]}, "145": {"13": [[0.9768974279712175, 0.17208145318485288, -0.12672564339157746, 0.06574249333843428], [0.030169432189408568, -0.6980911731505937, -0.7153729931515417, 0.22113557875386367], [-0.21156847729420528, 0.6950227963448511, -0.6871550712731402, 0.9902130051693665], [0.0, 0.0, 0.0, 1.0]]}, "146": {"13": [[0.9820021098544066, -0.16268320011678417, -0.09594807262918933, 0.0641822012687854], [-0.1824554451236693, -0.6858496182769973, -0.7045000437572877, 0.21847910217757352], [0.04880437261370691, 0.7093267776624952, -0.7031882078823017, 0.9920809542057007], [0.0, 0.0, 0.0, 1.0]]}, "147": {"13": [[0.9755894495052554, 0.18267660058844926, -0.12187897936675118, 0.06336354696879869], [0.04035725873500544, -0.6946869855132107, -0.7181791446609712, 0.22054728789094147], [-0.21586226553390153, 0.6957292948812898, -0.685101620610078, 0.9901586421490626], [0.0, 0.0, 0.0, 1.0]]}, "148": {"13": [[0.9749871602526985, 0.1876818173028438, -0.11906121449187737, 0.062361395459820286], [0.04570772232372594, -0.6935421145581169, -0.7189646301830385, 0.2180483641590046], [-0.2175105548297738, 0.6955392661727718, -0.6847731651791609, 0.9923157680736944], [0.0, 0.0, 0.0, 1.0]]}, "149": {"13": [[0.9739254984884553, 0.19321490434199265, -0.11889963891504657, 0.0636576823282923], [0.049446342417158035, -0.692273523564441, -0.7199391833990134, 0.21405869818567438], [-0.2214140524347517, 0.6952879758141857, -0.6837766068480502, 0.9900965027745574], [0.0, 0.0, 0.0, 1.0]]}, "150": {"13": [[0.97340032265487, 0.19767172544108963, -0.11583479967841098, 0.06179092858009904], [0.054884179847995804, -0.6920461868675345, -0.7197637126477822, 0.21420605427263317], [-0.2224399664129807, 0.6942607321484117, -0.6844870321189029, 0.9954357445304064], [0.0, 0.0, 0.0, 1.0]]}, "151": {"13": [[0.9731291949302482, 0.20294678494444507, -0.1087757898391003, 0.05326704477348646], [0.06198846048362572, -0.6858658360571979, -0.7250830888225368, 0.2150364627548862], [-0.22175887973489794, 0.6988566787333967, -0.6800164276313103, 0.9930689551399903], [0.0, 0.0, 0.0, 1.0]]}, "152": {"13": [[0.948980494501916, 0.30036494460996066, -0.09600479729864632, 0.05291610297294941], [0.1317388416732675, -0.6542503325280302, -0.7447156369927702, 0.2092798297689338], [-0.2864976416124305, 0.694073052665508, -0.6604405339726647, 0.9965342923169526], [0.0, 0.0, 0.0, 1.0]]}, "153": {"13": [[0.9676652246389953, 0.22268252288456, -0.11847576556465089, 0.05267711303860976], [0.05717359715313594, -0.6511091680451584, -0.7568276098796296, 0.20594575155140865], [-0.24567293870700052, 0.725582073434363, -0.6427872602173734, 0.9966936154731691], [0.0, 0.0, 0.0, 1.0]]}, "154": {"13": [[-0.4157597363031911, -0.9093476149073608, 0.015190685678913463, 0.05132115953286123], [-0.29717964416363085, 0.12004873812830352, -0.9472447200003704, 0.20085275611637857], [0.8595511042188702, -0.39834057756660496, -0.3201510323269703, 0.9944431840248497], [0.0, 0.0, 0.0, 1.0]]}, "155": {"13": [[-0.38445701103516994, -0.9077108883452455, -0.16808851788682289, 0.05195010961117599], [-0.2963089508707587, 0.2937877496092539, -0.9087847730972394, 0.19641535331220528], [0.8742961811078519, -0.2995825451507743, -0.38191162111306687, 0.9935304073885073], [0.0, 0.0, 0.0, 1.0]]}, "156": {"13": [[-0.3885989034801418, -0.9011019713853377, -0.19236977252024184, 0.0475275169379